Var1 Var2 Var3 Var4 Var5 Var6 Var7 Var8
1741617711.90674 1.3863109455 -0.4542224824 0 0 0 -0.030563118 0.999532839
1741617712.00651 1.3872099855 -0.4535523896 0 0 0 -0.028936604 0.999581249
1741617712.10575 1.386788916 -0.4535534656 0 0 0 -0.032159097 0.999482762
1741617712.20641 1.3868026125 -0.4533283544 0 0 0 -0.020488167 0.999790095
1741617712.30675 1.386769368 -0.4537768936 0 0 0 -0.030534812 0.999533704
1741617712.40702 1.386382617 -0.4533325168 0 0 0 -0.020194012 0.99979608
1741617712.50527 1.385940525 -0.4535510008 0 0 0 -0.025472907 0.999675513
1741617712.607 1.3859218635 -0.4537743104 0 0 0 -0.027210986 0.999629713
1741617712.70578 1.386397557 -0.4531099704 0 0 0 -0.018549471 0.999827944
1741617712.80697 1.387229829 -0.4533319136 0 0 0 -0.030422428 0.999537131
1741617712.90697 1.386802053 -0.4533256648 0 0 0 -0.030970913 0.999520286
1741617713.10622 1.3880400555 -0.453776672 0 0 0 -0.030734898 0.999527571
1741617713.30614 1.3859740965 -0.4531075192 0 0 0 -0.021990462 0.999758181
1741617713.41053 1.386821289 -0.4531073928 0 0 0 -0.018694255 0.999825247
1741617713.50965 1.3872293715 -0.4533317448 0 0 0 -0.016889109 0.999857369
1741617713.90831 1.3867840845 -0.4535491008 0 0 0 -0.029173903 0.999574351
1741617714.10617 1.387635999 -0.4535533488 0 0 0 -0.028864245 0.999583341
1741617714.20689 1.386378219 -0.4533310768 0 0 0 -0.017027541 0.999855021
1741617714.30552 1.3847003415 -0.453104512 0 0 0 -0.022122994 0.999755257
1741617714.50649 1.283177529 -0.4535950456 0 0 0 -0.01675339 0.999859652
1741617715.00649 0.5651714745 -0.4635261128 0 0 0 0 1
1741617715.10685 0.423402276 -0.4639857864 0 0 0 0 1
1741617715.30715 0.1709802405 -0.4726827376 0 0 0 0 1
1741617715.40611 0.0582542685 -0.47460816 0 0 0 0 1
1741617715.5066 -0.0436484115 -0.4755733056 0 0 0 0.004731528 0.999988806
1741617715.60529 -0.13773423 -0.4789940712 0 0 0 0.009641674 0.999953518
1741617715.70699 -0.2260242465 -0.481477508 0 0 0 0.007997183 0.999968022
1741617716.10622 -0.4880805285 -0.491251484 0 0 0 0.016189774 0.999868937
1741617716.20642 -0.5353341735 -0.4926347704 0 0 0 0.01767577 0.999843771
1741617716.30596 -0.574649019 -0.4935174848 0 0 0 0.012888719 0.999916937
1741617716.40641 -0.6082019055 -0.4916503752 0 0 0 0.026894702 0.999638272
1741617716.60773 -0.653953515 -0.490731908 0 0 0 0.018963874 0.99982017
1741617716.70633 -0.664775046 -0.4873418816 0 0 0 -0.004740493 0.999988764
1741617716.80578 -0.6661236015 -0.4868897928 0 0 0 -0.00798079 0.999968153
1741617717.00607 -0.6972150765 -0.4808350152 0 0 0 -0.035593449 0.999366352
1741617717.10641 -0.745221279 -0.4642379336 0 0 0 -0.106567302 0.994305491
1741617717.30663 -0.874004082 -0.3941961952 0 0 0 -0.339486192 0.940611038
1741617727.40541 -0.6495521265 0.2409179104 0 0 0 -0.629285605 0.777174129
1741617727.90689 -0.934508136 0.3230238376 0 0 0 -0.248674808 0.968587033
1741617728.00547 -0.943996143 0.3224016576 0 0 0 -0.234355541 0.972150956
1741617728.10684 -0.9421380675 0.323387616 0 0 0 -0.240687637 0.970602628
1741617728.20683 -0.943055712 0.3226403368 0 0 0 -0.235942761 0.971766954
1741617728.3066 -0.943070709 0.3228973304 0 0 0 -0.240700904 0.970599338
1741617728.40582 -0.9435677865 0.3234114648 0 0 0 -0.239905271 0.970796302
1741617728.50634 -0.9430633935 0.3228962536 0 0 0 -0.242267094 0.970209594
1741617728.70682 -0.941627103 0.3228735968 0 0 0 -0.239909086 0.97079536
1741617728.80621 -0.943090698 0.3236596728 0 0 0 -0.243848864 0.969813246
1741617729.0059 -0.9440188785 0.3229091832 0 0 0 -0.237540905 0.971377536
1741617729.10647 -0.942090282 0.3223707088 0 0 0 -0.239092263 0.970996854
1741617729.20557 -0.943540257 0.3226478592 0 0 0 -0.238307304 0.971189801
1741617729.30558 -0.9430921215 0.32365242 0 0 0 -0.235963049 0.971762028
1741617729.70695 -0.9426072705 0.3236480904 0 0 0 -0.241520845 0.970395631
1741617729.80566 -0.9520332345 0.3208054368 0 0 0 -0.265826289 0.964020946
1741617730.10656 -0.943541424 0.323155212 0 0 0 -0.241507541 0.970398943
1741617730.20648 -0.942563817 0.3226316544 0 0 0 -0.235103009 0.97197046
1741617730.30741 -0.9435426585 0.3231478384 0 0 0 -0.233546335 0.972345674
1741617730.40693 -0.9431094375 0.32416378 0 0 0 -0.243863067 0.969809674
1741617730.50531 -0.943048224 0.3226390368 0 0 0 -0.23751154 0.971384717
1741617730.60736 -0.943065588 0.3228968448 0 0 0 -0.237550462 0.971375199
1741617730.70641 -0.9425906025 0.3226333456 0 0 0 -0.238299105 0.971191812
1741617730.80645 -0.943066956 0.3228940056 0 0 0 -0.237545639 0.971376379
1741617731.0062 -0.9425889135 0.3228841272 0 0 0 -0.238316306 0.971187592
1741617731.10582 -0.943535361 0.3228976496 0 0 0 -0.235119384 0.971966499
1741617731.2067 -0.942117654 0.3233831376 0 0 0 -0.240716232 0.970595537
1741617731.30652 -0.9436000995 0.324668336 0 0 0 -0.236778485 0.971563662
1741617731.40649 -0.941687826 0.3246450216 0 0 0 -0.246351428 0.969180568
1741617731.61046 -0.9435663315 0.32391252 0 0 0 -0.239947016 0.970785985
1741617731.70944 -0.9412095825 0.3243848944 0 0 0 -0.247106194 0.968988405
1741617731.80842 -0.9435827175 0.3239177032 0 0 0 -0.244680957 0.969603645
1741617731.90757 -0.9426360735 0.3244089216 0 0 0 -0.243131991 0.969993214
1741617732.00645 -0.942639612 0.3246602272 0 0 0 -0.246346377 0.969181852
1741617732.10603 -0.943562538 0.323664576 0 0 0 -0.244702503 0.969598208
1741617732.2066 -0.942620595 0.3241549824 0 0 0 -0.246346337 0.969181862
1741617732.30611 -0.9435636975 0.3236615264 0 0 0 -0.244724642 0.96959262
1741617732.40586 -0.9421411575 0.3238987776 0 0 0 -0.247075716 0.968996177
1741617732.50566 -0.944543922 0.324435144 0 0 0 -0.246300547 0.9691935
1741617732.6067 -0.9469551765 0.3254847008 0 0 0 -0.247120035 0.968984875
1741617732.70663 -0.9643978605 0.3341178984 0 0 0 -0.274112564 0.961697615
1741617732.80606 -0.9948319755 0.3452482632 0 0 0 -0.293584092 0.955933251
1741617732.90524 -1.0332578715 0.3618998872 0 0 0 -0.330881421 0.94367234
1741617733.10668 -1.1171621475 0.4109637104 0 0 0 -0.454947227 0.8905184
1741617733.50854 -1.2077221845 0.5565812152 0 0 0 -0.702389021 0.711793273
1741617733.70732 -1.205625408 0.578978148 0 0 0 -0.708498351 0.705712467
1741617733.80606 -1.205625408 0.578978148 0 0 0 -0.708498351 0.705712467
1741617733.90518 -1.205625408 0.578978148 0 0 0 -0.708498351 0.705712467
1741617734.00616 -1.206119286 0.5789891512 0 0 0 -0.709756833 0.704446761
1741617734.10711 -1.205605254 0.5787087488 0 0 0 -0.70855692 0.705653663
1741617734.20567 -1.205625408 0.578978148 0 0 0 -0.708498351 0.705712467
1741617734.30664 -1.205625408 0.578978148 0 0 0 -0.708498351 0.705712467
1741617734.40651 -1.205625408 0.578978148 0 0 0 -0.708498351 0.705712467
1741617734.50633 -1.2056374305 0.5792385696 0 0 0 -0.708533101 0.705677578
1741617734.6065 -1.205625408 0.578978148 0 0 0 -0.708498351 0.705712467
1741617734.75798 -1.205625408 0.578978148 0 0 0 -0.708498351 0.705712467
1741617734.8782 -1.205625408 0.578978148 0 0 0 -0.708498351 0.705712467
1741617734.98661 -1.205625408 0.578978148 0 0 0 -0.708498351 0.705712467
1741617735.08905 -1.205625408 0.578978148 0 0 0 -0.708498351 0.705712467
1741617735.19265 -1.205625408 0.578978148 0 0 0 -0.708498351 0.705712467
1741617735.29611 -1.205625408 0.578978148 0 0 0 -0.708498351 0.705712467
1741617735.3957 -1.206182313 0.580048092 0 0 0 -0.707222864 0.706990679
1741617735.49428 -1.2051277455 0.5869032432 0 0 0 -0.720958022 0.692978738
1741617735.59406 -1.2038831175 0.5987933824 0 0 0 -0.740883104 0.671633997
1741617735.69593 -1.1980359705 0.6159046448 0 0 0 -0.767894742 0.640576042
1741617735.79554 -1.1950247625 0.6230172512 0 0 0 -0.771023388 0.636806827
1741617735.89442 -1.1949768525 0.6222207984 0 0 0 -0.768484077 0.639868912
1741617735.99275 -1.1949659025 0.6219654848 0 0 0 -0.767737708 0.64076424
1741617736.09205 -1.1949659025 0.6219654848 0 0 0 -0.767737708 0.64076424
1741617736.19162 -1.1949659025 0.6219654848 0 0 0 -0.767737708 0.64076424
1741617736.29068 -1.191881298 0.6279960184 0 0 0 -0.774692756 0.632337831
1741617736.39049 -1.1843324145 0.641667952 0 0 0 -0.787435334 0.616397271
1741617736.49053 -1.170804765 0.6618976 0 0 0 -0.807518143 0.589842732
1741617736.59066 -1.15064406 0.6871110128 0 0 0 -0.829924677 0.557875461
1741617736.69383 -1.1398782885 0.6988378552 0 0 0 -0.831269242 0.555869992
1741617736.7931 -1.13982513 0.697763772 0 0 0 -0.829193195 0.558962115
1741617736.89168 -1.139281158 0.6969418864 0 0 0 -0.828590515 0.559855122
1741617736.99087 -1.14089463 0.6968049704 0 0 0 -0.835053347 0.550168981
1741617737.08981 -1.1381999265 0.701570556 0 0 0 -0.832253719 0.554394938
1741617737.19056 -1.1261085 0.713641788 0 0 0 -0.841372119 0.54045625
1741617737.28938 -1.104065967 0.7330099296 0 0 0 -0.860905443 0.508764993
1741617737.38818 -1.0718598315 0.7556720352 0 0 0 0.890716004 -0.454560227
1741617737.48658 -1.0493331915 0.769325092 0 0 0 0.896086407 -0.443879659
1741617737.58538 -1.0429605195 0.770222676 0 0 0 0.896780083 -0.442476534
1741617737.68739 -1.04661564 0.7709812936 0 0 0 0.898328395 -0.43932459
1741617737.78582 -1.0461163845 0.7709644496 0 0 0 0.898997627 -0.437953498
1741617737.88574 -1.0420224345 0.7707441784 0 0 0 0.897968724 -0.440059281
1741617737.98647 -1.0411096905 0.7723416152 0 0 0 0.896491853 -0.443060218
1741617738.08542 -1.027917141 0.780508572 0 0 0 0.906680355 -0.421818366
1741617738.18482 -1.001517501 0.7933558384 0 0 0 0.92154952 -0.388260842
1741617738.28428 -0.9618028155 0.8081665768 0 0 0 0.945689607 -0.325071017
1741617738.38316 -0.9113544255 0.8284039544 0 0 0 0.96514806 -0.261704457
1741617738.48217 -0.850638666 0.8440305816 0 0 0 0.979216224 -0.2028191
1741617738.58072 -0.7818405375 0.8574308608 0 0 0 0.991890737 -0.127093535
1741617738.67979 -0.7069289115 0.8652753744 0 0 0 0.998496168 -0.054821553
1741617738.78092 -0.6273615525 0.8690067496 0 0 0 0.999787065 0.020635509
1741617738.87996 -0.5499610845 0.865265172 0 0 0 0.994669616 0.103113315
1741617738.97925 -0.478818822 0.8552780896 0 0 0 0.983262025 0.182197117
1741617740.06843 -0.0003281235 0.3831958904 0 0 0 0.665091718 0.74676168
1741617740.26798 -0.051979089 0.2717326584 0 0 0 0.577316497 0.816520461
1741617740.36726 -0.097982037 0.2096762312 0 0 0 0.536569668 0.843856025
1741617740.46697 -0.1559664435 0.1505169648 0 0 0 0.51890097 0.85483436
1741617747.61203 -0.406812669 -0.3236243872 0 0 0 0 1
1741617747.71113 -0.299382588 -0.3417520272 0 0 0 0 1
1741617747.90965 -0.116233014 -0.3783686344 0 0 0 0 1
1741617748.00892 -0.0379815975 -0.3964194168 0 0 0 0 1
1741617752.50589 0.2961690675 -0.3811561624 0 0 0 -0.659709833 0.751520416
1741617752.70582 0.3117963705 -0.3574532712 0 0 0 -0.707776443 0.706436485
1741617752.80611 0.316809825 -0.3508335432 0 0 0 -0.718088722 0.69595157
1741617752.90811 0.31862694 -0.34877794 0 0 0 -0.722584518 0.691282587
1741617753.00699 0.3185898045 -0.34969278 0 0 0 -0.722627587 0.691237564
1741617753.10658 0.3185898045 -0.34969278 0 0 0 -0.722627587 0.691237564
1741617753.30602 0.316447158 -0.3492394224 0 0 0 -0.719186803 0.694816769
1741617753.40631 0.316447158 -0.3492394224 0 0 0 -0.719186803 0.694816769
1741617753.50639 0.316447158 -0.3492394224 0 0 0 -0.719186803 0.694816769
1741617753.60654 0.316447158 -0.3492394224 0 0 0 -0.719186803 0.694816769
1741617753.70668 0.316447158 -0.3492394224 0 0 0 -0.719186803 0.694816769
1741617753.90614 0.316447158 -0.3492394224 0 0 0 -0.719186803 0.694816769
1741617754.00579 0.3168912375 -0.3490121424 0 0 0 -0.720348279 0.69361254
1741617754.20641 0.317114355 -0.343542992 0 0 0 -0.720340772 0.693620338
1741617754.30647 0.318710073 -0.3360126632 0 0 0 -0.723743047 0.690069563
1741617754.6057 0.319364802 -0.3305328584 0 0 0 -0.724869687 0.688886012
1741617754.70523 0.3198016965 -0.3305324976 0 0 0 -0.725995879 0.68769905
1741617754.8053 0.319364802 -0.3305328584 0 0 0 -0.724869687 0.688886012
1741617761.00758 0.73490316 0.3902615544 0 0 0 -0.803728051 0.594996824
1741617761.10699 0.7320578055 0.40885234 0 0 0 -0.777703147 0.628631701
1741617761.3058 0.6990403365 0.4807442904 0 0 0 -0.682120903 0.731239409
1741617761.40529 0.6711383325 0.5082018728 0 0 0 -0.633893099 0.773420674
1741617761.90761 0.632770743 0.5278819704 0 0 0 -0.570261138 0.821463471
1741617763.30672 0.366647412 0.6051286296 0 0 0 -0.238596545 0.971118782
1741617763.40595 0.366639915 0.6048729952 0 0 0 -0.237029316 0.971502498
1741617764.10671 0.306914256 0.6071459256 0 0 0 -0.173635932 0.984809912
1741617765.60676 0.150781437 0.5833711 0 0 0 0.034697796 0.99939785
1741617767.3058 0.150781125 0.5833765056 0 0 0 0.034649052 0.999399541
1741617768.3078 0.073330512 0.5759829512 0 0 0 0.049665592 0.998765903
1741617768.70675 -0.46696713 0.501829892 0 0 0 0.11986819 0.992789815
1741617768.80519 -0.6469187955 0.4688013672 0 0 0 0.137140705 0.990551577
1741617769.0057 -1.0340898495 0.3801006416 0 0 0 0.18392986 0.982939371
1741617769.10573 -1.224708399 0.3285051808 0 0 0 0.214058394 0.976820866
1741617769.20559 -1.415912511 0.2680419528 0 0 0 0 1
1741617769.30655 -1.608559605 0.2030355288 0 0 0 0 1
