1741615444.723661 -0.973488465 0.604872946 0.000000000 0.000000000 0.000000000 -0.078670600 0.996900665
1741615444.823881 -0.960266057 0.602055361 0.000000000 0.000000000 0.000000000 -0.087002857 0.996208062
1741615444.924036 -0.952392722 0.600367545 0.000000000 0.000000000 0.000000000 -0.093006908 0.995665463
1741615445.024127 -0.949557786 0.598682282 0.000000000 0.000000000 0.000000000 -0.089891700 0.995951546
1741615445.123766 -0.949515248 0.599796638 0.000000000 0.000000000 0.000000000 -0.096537678 0.995329331
1741615445.223769 -0.949806123 0.599513485 0.000000000 0.000000000 0.000000000 -0.092509879 0.995711767
1741615445.323684 -0.949592152 0.599525638 0.000000000 0.000000000 0.000000000 -0.091466162 0.995808185
1741615445.425016 -0.949592152 0.599525638 0.000000000 0.000000000 0.000000000 -0.091466162 0.995808185
1741615445.523707 -0.948960648 0.599516948 0.000000000 0.000000000 0.000000000 -0.094879241 0.995488789
1741615445.824382 -0.900578781 0.586948614 0.000000000 0.000000000 0.000000000 -0.116102355 0.993237254
1741615446.224488 -0.802276636 0.549823019 0.000000000 0.000000000 0.000000000 -0.185388307 0.982665343
1741615446.323915 -0.792030422 0.545681815 0.000000000 0.000000000 0.000000000 -0.193108533 0.981177402
1741615447.223402 -0.781514176 0.541261471 0.000000000 0.000000000 0.000000000 -0.194235771 0.980954874
1741615447.723862 -0.781514176 0.541261471 0.000000000 0.000000000 0.000000000 -0.194235771 0.980954874
1741615447.824828 -0.781514176 0.541261471 0.000000000 0.000000000 0.000000000 -0.194235771 0.980954874
1741615448.224701 -0.781514176 0.541261471 0.000000000 0.000000000 0.000000000 -0.194235771 0.980954874
1741615448.324284 -0.781211770 0.541821473 0.000000000 0.000000000 0.000000000 -0.190730082 0.981642519
1741615448.423729 -0.781211770 0.541821473 0.000000000 0.000000000 0.000000000 -0.190730082 0.981642519
1741615448.523660 -0.781211770 0.541821473 0.000000000 0.000000000 0.000000000 -0.190730082 0.981642519
1741615449.423023 -0.771599107 0.543252097 0.000000000 0.000000000 0.000000000 -0.174146830 0.984719697
1741615449.524979 -0.771599107 0.543252097 0.000000000 0.000000000 0.000000000 -0.174146830 0.984719697
1741615449.724815 -0.771599107 0.543252097 0.000000000 0.000000000 0.000000000 -0.174146830 0.984719697
1741615449.823938 -0.771599107 0.543252097 0.000000000 0.000000000 0.000000000 -0.174146830 0.984719697
1741615449.925248 -0.771599107 0.543252097 0.000000000 0.000000000 0.000000000 -0.174146830 0.984719697
1741615450.024072 -0.767653272 0.543545095 0.000000000 0.000000000 0.000000000 -0.166719699 0.986004332
1741615458.417714 -0.189820111 0.407714565 0.000000000 0.000000000 0.000000000 -0.281947622 0.959429799
1741615458.516332 -0.187255410 0.406018431 0.000000000 0.000000000 0.000000000 -0.285468614 0.958388059
1741615458.615290 -0.187262795 0.405734053 0.000000000 0.000000000 0.000000000 -0.284186427 0.958769041
1741615458.716423 -0.187262795 0.405734053 0.000000000 0.000000000 0.000000000 -0.284186427 0.958769041
1741615458.816932 -0.187851190 0.405157917 0.000000000 0.000000000 0.000000000 -0.290745074 0.956800555
1741615458.917222 -0.186171896 0.403745327 0.000000000 0.000000000 0.000000000 -0.290360148 0.956917439
1741615459.015853 -0.188428496 0.405155912 0.000000000 0.000000000 0.000000000 -0.290751594 0.956798574
1741615459.116362 -0.188428496 0.405155912 0.000000000 0.000000000 0.000000000 -0.290751594 0.956798574
1741615459.215535 -0.186171896 0.403745327 0.000000000 0.000000000 0.000000000 -0.290360148 0.956917439
1741615459.316617 -0.188137759 0.405156425 0.000000000 0.000000000 0.000000000 -0.289996395 0.957027738
1741615459.416512 -0.186171896 0.403745327 0.000000000 0.000000000 0.000000000 -0.290360148 0.956917439
1741615459.516479 -0.187851190 0.405157917 0.000000000 0.000000000 0.000000000 -0.290745074 0.956800555
1741615459.615537 -0.188428496 0.405155912 0.000000000 0.000000000 0.000000000 -0.290751594 0.956798574
1741615459.715917 -0.188428496 0.405155912 0.000000000 0.000000000 0.000000000 -0.290751594 0.956798574
1741615459.816013 -0.186177419 0.403457112 0.000000000 0.000000000 0.000000000 -0.291725167 0.956502184
1741615459.915814 -0.185881158 0.403745840 0.000000000 0.000000000 0.000000000 -0.289561586 0.957159385
1741615460.116922 -0.188428496 0.405155912 0.000000000 0.000000000 0.000000000 -0.290751594 0.956798574
1741615460.216357 -0.188137759 0.405156425 0.000000000 0.000000000 0.000000000 -0.289996395 0.957027738
1741615460.317577 -0.188428496 0.405155912 0.000000000 0.000000000 0.000000000 -0.290751594 0.956798574
1741615460.518950 -0.188428496 0.405155912 0.000000000 0.000000000 0.000000000 -0.290751594 0.956798574
1741615460.618248 -0.187851190 0.405157917 0.000000000 0.000000000 0.000000000 -0.290745074 0.956800555
1741615460.717239 -0.188428496 0.405155912 0.000000000 0.000000000 0.000000000 -0.290751594 0.956798574
1741615460.816069 -0.185886705 0.403457597 0.000000000 0.000000000 0.000000000 -0.290921975 0.956746782
1741615460.916370 -0.188428496 0.405155912 0.000000000 0.000000000 0.000000000 -0.290751594 0.956798574
1741615461.016230 -0.186171896 0.403745327 0.000000000 0.000000000 0.000000000 -0.290360148 0.956917439
1741615461.116116 -0.188428496 0.405155912 0.000000000 0.000000000 0.000000000 -0.290751594 0.956798574
1741615461.216741 -0.188428496 0.405155912 0.000000000 0.000000000 0.000000000 -0.290751594 0.956798574
1741615461.316734 -0.188421099 0.405440256 0.000000000 0.000000000 0.000000000 -0.292025441 0.956410551
1741615461.415905 -0.188428496 0.405155912 0.000000000 0.000000000 0.000000000 -0.290751594 0.956798574
1741615461.616396 -0.188428496 0.405155912 0.000000000 0.000000000 0.000000000 -0.290751594 0.956798574
1741615461.715642 -0.185886705 0.403457597 0.000000000 0.000000000 0.000000000 -0.290921975 0.956746782
1741615461.816051 -0.188428496 0.405155912 0.000000000 0.000000000 0.000000000 -0.290751594 0.956798574
1741615461.916543 -0.187856736 0.404869674 0.000000000 0.000000000 0.000000000 -0.292031129 0.956408814
1741615462.016190 -0.188428496 0.405155912 0.000000000 0.000000000 0.000000000 -0.290751594 0.956798574
1741615462.116566 -0.188428496 0.405155912 0.000000000 0.000000000 0.000000000 -0.290751594 0.956798574
1741615462.216274 -0.188428496 0.405155912 0.000000000 0.000000000 0.000000000 -0.290751594 0.956798574
1741615462.316349 -0.188428496 0.405155912 0.000000000 0.000000000 0.000000000 -0.290751594 0.956798574
1741615462.415969 -0.188428496 0.405155912 0.000000000 0.000000000 0.000000000 -0.290751594 0.956798574
1741615462.516336 -0.188421099 0.405440256 0.000000000 0.000000000 0.000000000 -0.292025441 0.956410551
1741615462.616630 -0.188428496 0.405155912 0.000000000 0.000000000 0.000000000 -0.290751594 0.956798574
1741615462.715324 -0.188428496 0.405155912 0.000000000 0.000000000 0.000000000 -0.290751594 0.956798574
1741615462.816666 -0.188428496 0.405155912 0.000000000 0.000000000 0.000000000 -0.290751594 0.956798574
1741615462.915586 -0.188428496 0.405155912 0.000000000 0.000000000 0.000000000 -0.290751594 0.956798574
1741615463.015290 -0.188147451 0.404869189 0.000000000 0.000000000 0.000000000 -0.292798277 0.956174236
1741615463.117098 -0.188428496 0.405155912 0.000000000 0.000000000 0.000000000 -0.290751594 0.956798574
1741615463.216446 -0.188428496 0.405155912 0.000000000 0.000000000 0.000000000 -0.290751594 0.956798574
1741615463.316516 -0.188428496 0.405155912 0.000000000 0.000000000 0.000000000 -0.290751594 0.956798574
1741615463.416117 -0.188428496 0.405155912 0.000000000 0.000000000 0.000000000 -0.290751594 0.956798574
1741615463.516702 -0.188428496 0.405155912 0.000000000 0.000000000 0.000000000 -0.290751594 0.956798574
1741615463.616675 -0.188428496 0.405155912 0.000000000 0.000000000 0.000000000 -0.290751594 0.956798574
1741615463.716296 -0.188428496 0.405155912 0.000000000 0.000000000 0.000000000 -0.290751594 0.956798574
1741615463.816406 -0.188428496 0.405155912 0.000000000 0.000000000 0.000000000 -0.290751594 0.956798574
1741615464.116480 -0.188428496 0.405155912 0.000000000 0.000000000 0.000000000 -0.290751594 0.956798574
1741615464.216050 -0.188428496 0.405155912 0.000000000 0.000000000 0.000000000 -0.290751594 0.956798574
1741615464.316864 -0.188428496 0.405155912 0.000000000 0.000000000 0.000000000 -0.290751594 0.956798574
1741615464.415991 -0.188421099 0.405440256 0.000000000 0.000000000 0.000000000 -0.292025441 0.956410551
1741615464.516310 -0.188428496 0.405155912 0.000000000 0.000000000 0.000000000 -0.290751594 0.956798574
1741615464.616589 -0.188428496 0.405155912 0.000000000 0.000000000 0.000000000 -0.290751594 0.956798574
1741615464.716432 -0.188421099 0.405440256 0.000000000 0.000000000 0.000000000 -0.292025441 0.956410551
1741615464.816013 -0.188421099 0.405440256 0.000000000 0.000000000 0.000000000 -0.292025441 0.956410551
1741615464.915761 -0.188137759 0.405156425 0.000000000 0.000000000 0.000000000 -0.289996395 0.957027738
1741615465.017025 -0.188428496 0.405155912 0.000000000 0.000000000 0.000000000 -0.290751594 0.956798574
1741615465.116545 -0.187856736 0.404869674 0.000000000 0.000000000 0.000000000 -0.292031129 0.956408814
1741615465.216937 -0.188428496 0.405155912 0.000000000 0.000000000 0.000000000 -0.290751594 0.956798574
1741615465.316270 -0.187851190 0.405157917 0.000000000 0.000000000 0.000000000 -0.290745074 0.956800555
1741615465.416454 -0.188428496 0.405155912 0.000000000 0.000000000 0.000000000 -0.290751594 0.956798574
1741615465.516958 -0.188428496 0.405155912 0.000000000 0.000000000 0.000000000 -0.290751594 0.956798574
1741615465.616478 -0.188428496 0.405155912 0.000000000 0.000000000 0.000000000 -0.290751594 0.956798574
1741615465.715880 -0.188428496 0.405155912 0.000000000 0.000000000 0.000000000 -0.290751594 0.956798574
1741615465.815267 -0.188428496 0.405155912 0.000000000 0.000000000 0.000000000 -0.290751594 0.956798574
1741615466.015504 -0.188428496 0.405155912 0.000000000 0.000000000 0.000000000 -0.290751594 0.956798574
1741615466.115834 -0.188428496 0.405155912 0.000000000 0.000000000 0.000000000 -0.290751594 0.956798574
1741615466.215629 -0.188428496 0.405155912 0.000000000 0.000000000 0.000000000 -0.290751594 0.956798574
1741615466.316589 -0.188428496 0.405155912 0.000000000 0.000000000 0.000000000 -0.290751594 0.956798574
1741615466.416228 -0.186171896 0.403745327 0.000000000 0.000000000 0.000000000 -0.290360148 0.956917439
1741615466.516036 -0.188428496 0.405155912 0.000000000 0.000000000 0.000000000 -0.290751594 0.956798574
1741615466.617648 -0.188428496 0.405155912 0.000000000 0.000000000 0.000000000 -0.290751594 0.956798574
1741615466.717811 -0.188428496 0.405155912 0.000000000 0.000000000 0.000000000 -0.290751594 0.956798574
1741615466.816804 -0.187851190 0.405157917 0.000000000 0.000000000 0.000000000 -0.290745074 0.956800555
1741615466.915709 -0.188147451 0.404869189 0.000000000 0.000000000 0.000000000 -0.292798277 0.956174236
1741615467.015316 -0.188428496 0.405155912 0.000000000 0.000000000 0.000000000 -0.290751594 0.956798574
1741615467.116343 -0.188428496 0.405155912 0.000000000 0.000000000 0.000000000 -0.290751594 0.956798574
1741615467.315703 -0.188428496 0.405155912 0.000000000 0.000000000 0.000000000 -0.290751594 0.956798574
1741615467.416408 -0.188421099 0.405440256 0.000000000 0.000000000 0.000000000 -0.292025441 0.956410551
1741615467.516258 -0.188428496 0.405155912 0.000000000 0.000000000 0.000000000 -0.290751594 0.956798574
1741615467.615751 -0.188428496 0.405155912 0.000000000 0.000000000 0.000000000 -0.290751594 0.956798574
1741615467.716379 -0.188428496 0.405155912 0.000000000 0.000000000 0.000000000 -0.290751594 0.956798574
1741615467.815943 -0.188428496 0.405155912 0.000000000 0.000000000 0.000000000 -0.290751594 0.956798574
1741615467.917093 -0.188147451 0.404869189 0.000000000 0.000000000 0.000000000 -0.292798277 0.956174236
1741615468.016122 -0.188428496 0.405155912 0.000000000 0.000000000 0.000000000 -0.290751594 0.956798574
1741615468.115266 -0.187851190 0.405157917 0.000000000 0.000000000 0.000000000 -0.290745074 0.956800555
1741615468.216345 -0.187851190 0.405157917 0.000000000 0.000000000 0.000000000 -0.290745074 0.956800555
1741615468.317297 -0.188428496 0.405155912 0.000000000 0.000000000 0.000000000 -0.290751594 0.956798574
1741615468.416265 -0.188428496 0.405155912 0.000000000 0.000000000 0.000000000 -0.290751594 0.956798574
1741615468.516845 -0.188428496 0.405155912 0.000000000 0.000000000 0.000000000 -0.290751594 0.956798574
1741615468.617995 -0.187851190 0.405157917 0.000000000 0.000000000 0.000000000 -0.290745074 0.956800555
1741615468.716543 -0.188428496 0.405155912 0.000000000 0.000000000 0.000000000 -0.290751594 0.956798574
1741615468.815828 -0.188428496 0.405155912 0.000000000 0.000000000 0.000000000 -0.290751594 0.956798574
1741615468.916228 -0.188428496 0.405155912 0.000000000 0.000000000 0.000000000 -0.290751594 0.956798574
1741615469.016755 -0.188428496 0.405155912 0.000000000 0.000000000 0.000000000 -0.290751594 0.956798574
1741615469.316969 -0.188428496 0.405155912 0.000000000 0.000000000 0.000000000 -0.290751594 0.956798574
1741615469.416867 -0.187851190 0.405157917 0.000000000 0.000000000 0.000000000 -0.290745074 0.956800555
1741615469.516021 -0.188428496 0.405155912 0.000000000 0.000000000 0.000000000 -0.290751594 0.956798574
1741615469.616565 -0.188428496 0.405155912 0.000000000 0.000000000 0.000000000 -0.290751594 0.956798574
1741615469.715996 -0.188421099 0.405440256 0.000000000 0.000000000 0.000000000 -0.292025441 0.956410551
1741615469.816642 -0.186171896 0.403745327 0.000000000 0.000000000 0.000000000 -0.290360148 0.956917439
1741615469.915988 -0.188428496 0.405155912 0.000000000 0.000000000 0.000000000 -0.290751594 0.956798574
1741615470.115964 -0.186171896 0.403745327 0.000000000 0.000000000 0.000000000 -0.290360148 0.956917439
1741615470.217003 -0.188428496 0.405155912 0.000000000 0.000000000 0.000000000 -0.290751594 0.956798574
1741615470.315605 -0.188428496 0.405155912 0.000000000 0.000000000 0.000000000 -0.290751594 0.956798574
1741615470.416251 -0.188428496 0.405155912 0.000000000 0.000000000 0.000000000 -0.290751594 0.956798574
1741615470.516466 -0.188428496 0.405155912 0.000000000 0.000000000 0.000000000 -0.290751594 0.956798574
1741615470.616663 -0.188137759 0.405156425 0.000000000 0.000000000 0.000000000 -0.289996395 0.957027738
1741615470.716455 -0.188428496 0.405155912 0.000000000 0.000000000 0.000000000 -0.290751594 0.956798574
1741615470.816286 -0.188428496 0.405155912 0.000000000 0.000000000 0.000000000 -0.290751594 0.956798574
1741615470.916378 -0.188428496 0.405155912 0.000000000 0.000000000 0.000000000 -0.290751594 0.956798574
1741615471.016648 -0.188421099 0.405440256 0.000000000 0.000000000 0.000000000 -0.292025441 0.956410551
1741615471.115282 -0.188428496 0.405155912 0.000000000 0.000000000 0.000000000 -0.290751594 0.956798574
1741615471.216535 -0.188428496 0.405155912 0.000000000 0.000000000 0.000000000 -0.290751594 0.956798574
1741615471.315803 -0.188428496 0.405155912 0.000000000 0.000000000 0.000000000 -0.290751594 0.956798574
1741615471.419440 -0.188147451 0.404869189 0.000000000 0.000000000 0.000000000 -0.292798277 0.956174236
1741615471.519975 -0.188421099 0.405440256 0.000000000 0.000000000 0.000000000 -0.292025441 0.956410551
1741615471.719304 -0.188428496 0.405155912 0.000000000 0.000000000 0.000000000 -0.290751594 0.956798574
1741615471.918290 -0.188428496 0.405155912 0.000000000 0.000000000 0.000000000 -0.290751594 0.956798574
1741615472.017051 -0.188428496 0.405155912 0.000000000 0.000000000 0.000000000 -0.290751594 0.956798574
1741615472.116035 -0.188428496 0.405155912 0.000000000 0.000000000 0.000000000 -0.290751594 0.956798574
1741615472.324218 -0.188428496 0.405155912 0.000000000 0.000000000 0.000000000 -0.290751594 0.956798574
1741615472.423421 -0.188428496 0.405155912 0.000000000 0.000000000 0.000000000 -0.290751594 0.956798574
1741615472.522219 -0.188428496 0.405155912 0.000000000 0.000000000 0.000000000 -0.290751594 0.956798574
1741615472.621027 -0.188428496 0.405155912 0.000000000 0.000000000 0.000000000 -0.290751594 0.956798574
1741615472.719989 -0.188421099 0.405440256 0.000000000 0.000000000 0.000000000 -0.292025441 0.956410551
1741615472.819661 -0.188421099 0.405440256 0.000000000 0.000000000 0.000000000 -0.292025441 0.956410551
1741615472.919001 -0.188428496 0.405155912 0.000000000 0.000000000 0.000000000 -0.290751594 0.956798574
1741615473.018791 -0.188428496 0.405155912 0.000000000 0.000000000 0.000000000 -0.290751594 0.956798574
1741615473.118047 -0.188428496 0.405155912 0.000000000 0.000000000 0.000000000 -0.290751594 0.956798574
1741615473.216595 -0.188428496 0.405155912 0.000000000 0.000000000 0.000000000 -0.290751594 0.956798574
1741615473.317442 -0.188428496 0.405155912 0.000000000 0.000000000 0.000000000 -0.290751594 0.956798574
1741615473.416511 -0.188428496 0.405155912 0.000000000 0.000000000 0.000000000 -0.290751594 0.956798574
1741615473.616706 -0.188428496 0.405155912 0.000000000 0.000000000 0.000000000 -0.290751594 0.956798574
1741615473.716618 -0.188428496 0.405155912 0.000000000 0.000000000 0.000000000 -0.290751594 0.956798574
1741615473.816216 -0.188147451 0.404869189 0.000000000 0.000000000 0.000000000 -0.292798277 0.956174236
1741615473.915490 -0.188428496 0.405155912 0.000000000 0.000000000 0.000000000 -0.290751594 0.956798574
1741615474.016143 -0.188421099 0.405440256 0.000000000 0.000000000 0.000000000 -0.292025441 0.956410551
1741615474.116265 -0.188428496 0.405155912 0.000000000 0.000000000 0.000000000 -0.290751594 0.956798574
1741615474.315304 -0.188428496 0.405155912 0.000000000 0.000000000 0.000000000 -0.290751594 0.956798574
1741615474.415809 -0.188428496 0.405155912 0.000000000 0.000000000 0.000000000 -0.290751594 0.956798574
1741615474.515548 -0.188428496 0.405155912 0.000000000 0.000000000 0.000000000 -0.290751594 0.956798574
1741615474.616186 -0.187851190 0.405157917 0.000000000 0.000000000 0.000000000 -0.290745074 0.956800555
1741615474.716512 -0.185888462 0.403461250 0.000000000 0.000000000 0.000000000 -0.288204423 0.957568907
1741615474.815898 -0.188428496 0.405155912 0.000000000 0.000000000 0.000000000 -0.290751594 0.956798574
1741615474.915823 -0.187856736 0.404869674 0.000000000 0.000000000 0.000000000 -0.292031129 0.956408814
1741615475.025915 -0.188428496 0.405155912 0.000000000 0.000000000 0.000000000 -0.290751594 0.956798574
1741615475.134470 -0.188428496 0.405155912 0.000000000 0.000000000 0.000000000 -0.290751594 0.956798574
1741615475.239322 -0.188428496 0.405155912 0.000000000 0.000000000 0.000000000 -0.290751594 0.956798574
1741615475.452554 -0.188428496 0.405155912 0.000000000 0.000000000 0.000000000 -0.290751594 0.956798574
1741615475.571891 -0.188428496 0.405155912 0.000000000 0.000000000 0.000000000 -0.290751594 0.956798574
1741615475.673013 -0.188428496 0.405155912 0.000000000 0.000000000 0.000000000 -0.290751594 0.956798574
1741615475.772290 -0.187851190 0.405157917 0.000000000 0.000000000 0.000000000 -0.290745074 0.956800555
1741615475.871645 -0.188428496 0.405155912 0.000000000 0.000000000 0.000000000 -0.290751594 0.956798574
1741615475.970691 -0.186171896 0.403745327 0.000000000 0.000000000 0.000000000 -0.290360148 0.956917439
1741615476.070497 -0.188428496 0.405155912 0.000000000 0.000000000 0.000000000 -0.290751594 0.956798574
1741615476.169197 -0.185888462 0.403461250 0.000000000 0.000000000 0.000000000 -0.288204423 0.957568907
1741615476.570558 -0.188428496 0.405155912 0.000000000 0.000000000 0.000000000 -0.290751594 0.956798574
1741615476.669465 -0.188428496 0.405155912 0.000000000 0.000000000 0.000000000 -0.290751594 0.956798574
1741615476.769850 -0.188428496 0.405155912 0.000000000 0.000000000 0.000000000 -0.290751594 0.956798574
1741615476.868852 -0.188428496 0.405155912 0.000000000 0.000000000 0.000000000 -0.290751594 0.956798574
1741615476.967606 -0.188428496 0.405155912 0.000000000 0.000000000 0.000000000 -0.290751594 0.956798574
1741615477.165505 -0.188428496 0.405155912 0.000000000 0.000000000 0.000000000 -0.290751594 0.956798574
1741615477.264456 -0.188428496 0.405155912 0.000000000 0.000000000 0.000000000 -0.290751594 0.956798574
1741615477.362983 -0.188428496 0.405155912 0.000000000 0.000000000 0.000000000 -0.290751594 0.956798574
1741615477.461461 -0.188428496 0.405155912 0.000000000 0.000000000 0.000000000 -0.290751594 0.956798574
1741615477.560136 -0.188421099 0.405440256 0.000000000 0.000000000 0.000000000 -0.292025441 0.956410551
1741615477.659880 -0.188428496 0.405155912 0.000000000 0.000000000 0.000000000 -0.290751594 0.956798574
1741615477.759763 -0.188428496 0.405155912 0.000000000 0.000000000 0.000000000 -0.290751594 0.956798574
1741615477.859049 -0.187851190 0.405157917 0.000000000 0.000000000 0.000000000 -0.290745074 0.956800555
1741615477.958220 -0.188421099 0.405440256 0.000000000 0.000000000 0.000000000 -0.292025441 0.956410551
1741615478.056688 -0.188428496 0.405155912 0.000000000 0.000000000 0.000000000 -0.290751594 0.956798574
1741615478.155838 -0.188147451 0.404869189 0.000000000 0.000000000 0.000000000 -0.292798277 0.956174236
1741615478.255299 -0.188428496 0.405155912 0.000000000 0.000000000 0.000000000 -0.290751594 0.956798574
1741615478.354519 -0.188421099 0.405440256 0.000000000 0.000000000 0.000000000 -0.292025441 0.956410551
1741615478.454405 -0.188147451 0.404869189 0.000000000 0.000000000 0.000000000 -0.292798277 0.956174236
1741615478.553505 -0.188421099 0.405440256 0.000000000 0.000000000 0.000000000 -0.292025441 0.956410551
1741615478.655065 -0.184758398 0.402326743 0.000000000 0.000000000 0.000000000 -0.297139263 0.954834152
1741615478.853170 -0.178603022 0.392373930 0.000000000 0.000000000 0.000000000 -0.318396390 0.947957667
1741615478.953812 -0.170421995 0.382133466 0.000000000 0.000000000 0.000000000 -0.339490361 0.940609534
1741615479.053917 -0.161434272 0.368162912 0.000000000 0.000000000 0.000000000 -0.360193437 0.932877638
1741615479.159622 -0.153543845 0.356161465 0.000000000 0.000000000 0.000000000 -0.386704422 0.922203714
1741615479.259916 -0.154126889 0.356161425 0.000000000 0.000000000 0.000000000 -0.388753934 0.921341619
1741615479.363805 -0.153848827 0.355296010 0.000000000 0.000000000 0.000000000 -0.390840051 0.920458611
1741615479.463711 -0.154134886 0.355585677 0.000000000 0.000000000 0.000000000 -0.390740931 0.920500692
1741615479.562864 -0.154126889 0.356161425 0.000000000 0.000000000 0.000000000 -0.388753934 0.921341619
1741615479.662046 -0.154134886 0.355585677 0.000000000 0.000000000 0.000000000 -0.390740931 0.920500692
1741615479.766142 -0.154134886 0.355585677 0.000000000 0.000000000 0.000000000 -0.390740931 0.920500692
1741615479.866223 -0.154134886 0.355585677 0.000000000 0.000000000 0.000000000 -0.390740931 0.920500692
1741615479.965149 -0.154134886 0.355585677 0.000000000 0.000000000 0.000000000 -0.390740931 0.920500692
1741615480.063971 -0.154140334 0.355296009 0.000000000 0.000000000 0.000000000 -0.391868945 0.920021049
1741615480.164820 -0.154140334 0.355296009 0.000000000 0.000000000 0.000000000 -0.391868945 0.920021049
1741615480.363840 -0.150179715 0.350157896 0.000000000 0.000000000 0.000000000 -0.400584659 0.916259751
1741615480.563555 -0.138115120 0.327810807 0.000000000 0.000000000 0.000000000 -0.441298403 0.897360418
1741615480.663130 -0.134267765 0.315152501 0.000000000 0.000000000 0.000000000 -0.461565488 0.887106138
1741615481.855558 -0.134282520 0.314289931 0.000000000 0.000000000 0.000000000 -0.464782422 0.885424926
1741615483.045420 -0.130224723 0.313440262 0.000000000 0.000000000 0.000000000 -0.448934855 0.893564489
1741615483.343017 -0.101916926 0.299666572 0.000000000 0.000000000 0.000000000 -0.395394626 0.918511344
1741615483.838918 -0.102786092 0.299954221 0.000000000 0.000000000 0.000000000 -0.397569091 0.917572241
1741615485.622843 -0.065217410 0.275407328 0.000000000 0.000000000 0.000000000 0.000000000 1.000000000
1741615501.679966 0.477613964 -0.217043236 0.000000000 0.000000000 0.000000000 -0.699652943 0.714482862
1741615501.780026 0.467702327 -0.250541834 0.000000000 0.000000000 0.000000000 -0.742716578 0.669605917
1741615501.879834 0.455855040 -0.277261022 0.000000000 0.000000000 0.000000000 -0.769690772 0.638416882
1741615501.979756 0.443925451 -0.297497004 0.000000000 0.000000000 0.000000000 -0.793390111 0.608713505
1741615502.079490 0.433499104 -0.313748769 0.000000000 0.000000000 0.000000000 -0.808566597 0.588404672
1741615502.179762 0.426127541 -0.323858402 0.000000000 0.000000000 0.000000000 -0.821187010 0.570659176
1741615502.279118 0.421829875 -0.330303135 0.000000000 0.000000000 0.000000000 -0.825294841 0.564702069
1741615502.377620 0.419672126 -0.332429680 0.000000000 0.000000000 0.000000000 -0.830994428 0.556280739
1741615502.476389 0.420296453 -0.333068332 0.000000000 0.000000000 0.000000000 -0.828426712 0.560097477
1741615502.574648 0.420286365 -0.331822743 0.000000000 0.000000000 0.000000000 -0.828415195 0.560114510
1741615502.673611 0.420286365 -0.331822743 0.000000000 0.000000000 0.000000000 -0.828415195 0.560114510
1741615502.772424 0.420286365 -0.331822743 0.000000000 0.000000000 0.000000000 -0.828415195 0.560114510
1741615502.871526 0.420284700 -0.331515239 0.000000000 0.000000000 0.000000000 -0.828046307 0.560659713
1741615502.970320 0.420286365 -0.331822743 0.000000000 0.000000000 0.000000000 -0.828415195 0.560114510
1741615503.069351 0.420286365 -0.331822743 0.000000000 0.000000000 0.000000000 -0.828415195 0.560114510
1741615503.168188 0.420286365 -0.331822743 0.000000000 0.000000000 0.000000000 -0.828415195 0.560114510
1741615503.266887 0.420284700 -0.331515239 0.000000000 0.000000000 0.000000000 -0.828046307 0.560659713
1741615503.366397 0.420286365 -0.331822743 0.000000000 0.000000000 0.000000000 -0.828415195 0.560114510
1741615503.464834 0.420288810 -0.331826399 0.000000000 0.000000000 0.000000000 -0.828418814 0.560109158
1741615503.563984 0.416296061 -0.337333995 0.000000000 0.000000000 0.000000000 -0.835250894 0.549869024
1741615503.662685 0.407987026 -0.348055515 0.000000000 0.000000000 0.000000000 -0.844391801 0.535726130
1741615503.762347 0.391641496 -0.364840263 0.000000000 0.000000000 0.000000000 -0.860704573 0.509104742
1741615503.861912 0.369421051 -0.387428347 0.000000000 0.000000000 0.000000000 0.881244457 -0.472660774
1741615503.961777 0.340067526 -0.411738092 0.000000000 0.000000000 0.000000000 0.905888259 -0.423516780
1741615504.356656 0.241488384 -0.451893289 0.000000000 0.000000000 0.000000000 0.968078076 -0.250648837
1741615504.454973 0.228224943 -0.454075019 0.000000000 0.000000000 0.000000000 0.972853218 -0.231423026
1741615504.553667 0.219283655 -0.455105239 0.000000000 0.000000000 0.000000000 0.975867074 -0.218365413
1741615504.651729 0.214963130 -0.456242203 0.000000000 0.000000000 0.000000000 0.977554754 -0.210681521
1741615504.752823 0.214658072 -0.456235273 0.000000000 0.000000000 0.000000000 0.977712198 -0.209949656
1741615504.853187 0.215580940 -0.456259904 0.000000000 0.000000000 0.000000000 0.977236631 -0.212152228
1741615504.953127 0.215580940 -0.456259904 0.000000000 0.000000000 0.000000000 0.977236631 -0.212152228
1741615505.051770 0.215580940 -0.456259904 0.000000000 0.000000000 0.000000000 0.977236631 -0.212152228
1741615505.150388 0.215580940 -0.456259904 0.000000000 0.000000000 0.000000000 0.977236631 -0.212152228
1741615505.248862 0.215580940 -0.456259904 0.000000000 0.000000000 0.000000000 0.977236631 -0.212152228
1741615505.347650 0.215580940 -0.456259904 0.000000000 0.000000000 0.000000000 0.977236631 -0.212152228
1741615505.447022 0.215275882 -0.456252974 0.000000000 0.000000000 0.000000000 0.977395176 -0.211420600
1741615505.545441 0.215580940 -0.456259904 0.000000000 0.000000000 0.000000000 0.977236631 -0.212152228
1741615505.645581 0.215580940 -0.456259904 0.000000000 0.000000000 0.000000000 0.977236631 -0.212152228
1741615505.744217 0.215580940 -0.456259904 0.000000000 0.000000000 0.000000000 0.977236631 -0.212152228
1741615505.843838 0.215580940 -0.456259904 0.000000000 0.000000000 0.000000000 0.977236631 -0.212152228
1741615505.942235 0.215580940 -0.456259904 0.000000000 0.000000000 0.000000000 0.977236631 -0.212152228
1741615506.042099 0.215580940 -0.456259904 0.000000000 0.000000000 0.000000000 0.977236631 -0.212152228
1741615506.140946 0.215580940 -0.456259904 0.000000000 0.000000000 0.000000000 0.977236631 -0.212152228
1741615506.239475 0.215580940 -0.456259904 0.000000000 0.000000000 0.000000000 0.977236631 -0.212152228
1741615506.339927 0.215580940 -0.456259904 0.000000000 0.000000000 0.000000000 0.977236631 -0.212152228
1741615506.438267 0.215580940 -0.456259904 0.000000000 0.000000000 0.000000000 0.977236631 -0.212152228
1741615506.536942 0.215275882 -0.456252974 0.000000000 0.000000000 0.000000000 0.977395176 -0.211420600
1741615506.636267 0.215580940 -0.456259904 0.000000000 0.000000000 0.000000000 0.977236631 -0.212152228
1741615506.735217 0.215580940 -0.456259904 0.000000000 0.000000000 0.000000000 0.977236631 -0.212152228
1741615506.834870 0.215580940 -0.456259904 0.000000000 0.000000000 0.000000000 0.977236631 -0.212152228
1741615506.933758 0.215580940 -0.456259904 0.000000000 0.000000000 0.000000000 0.977236631 -0.212152228
1741615507.032305 0.215580940 -0.456259904 0.000000000 0.000000000 0.000000000 0.977236631 -0.212152228
1741615507.130914 0.215580940 -0.456259904 0.000000000 0.000000000 0.000000000 0.977236631 -0.212152228
1741615507.229638 0.215580940 -0.456259904 0.000000000 0.000000000 0.000000000 0.977236631 -0.212152228
1741615507.328053 0.215580940 -0.456259904 0.000000000 0.000000000 0.000000000 0.977236631 -0.212152228
1741615507.427552 0.215580940 -0.456259904 0.000000000 0.000000000 0.000000000 0.977236631 -0.212152228
1741615507.526346 0.215580940 -0.456259904 0.000000000 0.000000000 0.000000000 0.977236631 -0.212152228
1741615507.625637 0.215580940 -0.456259904 0.000000000 0.000000000 0.000000000 0.977236631 -0.212152228
1741615507.724503 0.215580940 -0.456259904 0.000000000 0.000000000 0.000000000 0.977236631 -0.212152228
1741615507.823986 0.215580940 -0.456259904 0.000000000 0.000000000 0.000000000 0.977236631 -0.212152228
1741615507.922559 0.215580940 -0.456259904 0.000000000 0.000000000 0.000000000 0.977236631 -0.212152228
1741615508.021382 0.215580940 -0.456259904 0.000000000 0.000000000 0.000000000 0.977236631 -0.212152228
1741615508.120481 0.215580940 -0.456259904 0.000000000 0.000000000 0.000000000 0.977236631 -0.212152228
1741615508.219260 0.215580940 -0.456259904 0.000000000 0.000000000 0.000000000 0.977236631 -0.212152228
1741615508.317717 0.215580940 -0.456259904 0.000000000 0.000000000 0.000000000 0.977236631 -0.212152228
1741615508.416551 0.215889239 -0.456585127 0.000000000 0.000000000 0.000000000 0.976728356 -0.214480112
1741615508.516144 0.215580940 -0.456259904 0.000000000 0.000000000 0.000000000 0.977236631 -0.212152228
1741615508.616292 0.215580940 -0.456259904 0.000000000 0.000000000 0.000000000 0.977236631 -0.212152228
1741615508.716282 0.215889239 -0.456585127 0.000000000 0.000000000 0.000000000 0.976728356 -0.214480112
1741615508.822073 0.215889239 -0.456585127 0.000000000 0.000000000 0.000000000 0.976728356 -0.214480112
1741615508.921077 0.215889239 -0.456585127 0.000000000 0.000000000 0.000000000 0.976728356 -0.214480112
1741615509.020830 0.215580940 -0.456259904 0.000000000 0.000000000 0.000000000 0.977236631 -0.212152228
1741615509.120189 0.215889239 -0.456585127 0.000000000 0.000000000 0.000000000 0.976728356 -0.214480112
1741615509.218757 0.215889239 -0.456585127 0.000000000 0.000000000 0.000000000 0.976728356 -0.214480112
1741615509.317546 0.215889239 -0.456585127 0.000000000 0.000000000 0.000000000 0.976728356 -0.214480112
1741615509.416308 0.215889239 -0.456585127 0.000000000 0.000000000 0.000000000 0.976728356 -0.214480112
1741615509.516830 0.215889239 -0.456585127 0.000000000 0.000000000 0.000000000 0.976728356 -0.214480112
1741615509.615588 0.215889239 -0.456585127 0.000000000 0.000000000 0.000000000 0.976728356 -0.214480112
1741615509.716383 0.215889239 -0.456585127 0.000000000 0.000000000 0.000000000 0.976728356 -0.214480112
1741615509.817623 0.215889239 -0.456585127 0.000000000 0.000000000 0.000000000 0.976728356 -0.214480112
1741615509.918692 0.215889239 -0.456585127 0.000000000 0.000000000 0.000000000 0.976728356 -0.214480112
1741615510.017681 0.215889239 -0.456585127 0.000000000 0.000000000 0.000000000 0.976728356 -0.214480112
1741615510.116632 0.215889239 -0.456585127 0.000000000 0.000000000 0.000000000 0.976728356 -0.214480112
1741615510.215879 0.215889239 -0.456585127 0.000000000 0.000000000 0.000000000 0.976728356 -0.214480112
1741615510.317100 0.215889239 -0.456585127 0.000000000 0.000000000 0.000000000 0.976728356 -0.214480112
1741615510.416161 0.215889239 -0.456585127 0.000000000 0.000000000 0.000000000 0.976728356 -0.214480112
1741615510.516614 0.215889239 -0.456585127 0.000000000 0.000000000 0.000000000 0.976728356 -0.214480112
1741615510.616718 0.215889239 -0.456585127 0.000000000 0.000000000 0.000000000 0.976728356 -0.214480112
1741615510.716100 0.215889239 -0.456585127 0.000000000 0.000000000 0.000000000 0.976728356 -0.214480112
1741615510.816604 0.216200577 -0.456593636 0.000000000 0.000000000 0.000000000 0.976894971 -0.213719949
1741615510.915372 0.215580940 -0.456259904 0.000000000 0.000000000 0.000000000 0.977236631 -0.212152228
1741615511.017046 0.215889239 -0.456585127 0.000000000 0.000000000 0.000000000 0.976728356 -0.214480112
1741615511.116465 0.215889239 -0.456585127 0.000000000 0.000000000 0.000000000 0.976728356 -0.214480112
1741615511.216427 0.215889239 -0.456585127 0.000000000 0.000000000 0.000000000 0.976728356 -0.214480112
1741615511.316638 0.215889239 -0.456585127 0.000000000 0.000000000 0.000000000 0.976728356 -0.214480112
1741615511.415974 0.215889239 -0.456585127 0.000000000 0.000000000 0.000000000 0.976728356 -0.214480112
1741615511.516525 0.215889239 -0.456585127 0.000000000 0.000000000 0.000000000 0.976728356 -0.214480112
1741615511.616193 0.215889239 -0.456585127 0.000000000 0.000000000 0.000000000 0.976728356 -0.214480112
1741615511.716485 0.215889239 -0.456585127 0.000000000 0.000000000 0.000000000 0.976728356 -0.214480112
1741615511.816406 0.215889239 -0.456585127 0.000000000 0.000000000 0.000000000 0.976728356 -0.214480112
1741615511.916119 0.215889239 -0.456585127 0.000000000 0.000000000 0.000000000 0.976728356 -0.214480112
1741615512.016974 0.215889239 -0.456585127 0.000000000 0.000000000 0.000000000 0.976728356 -0.214480112
1741615512.115687 0.215889239 -0.456585127 0.000000000 0.000000000 0.000000000 0.976728356 -0.214480112
1741615512.216384 0.215889239 -0.456585127 0.000000000 0.000000000 0.000000000 0.976728356 -0.214480112
1741615512.316927 0.216200577 -0.456593636 0.000000000 0.000000000 0.000000000 0.976894971 -0.213719949
1741615512.416015 0.215889239 -0.456585127 0.000000000 0.000000000 0.000000000 0.976728356 -0.214480112
1741615512.516646 0.215236360 -0.455578557 0.000000000 0.000000000 0.000000000 0.973855805 -0.227167056
1741615512.616063 0.215889239 -0.456585127 0.000000000 0.000000000 0.000000000 0.976728356 -0.214480112
1741615512.716049 0.214928872 -0.456508373 0.000000000 0.000000000 0.000000000 0.975586056 -0.219617500
1741615512.816208 0.215889239 -0.456585127 0.000000000 0.000000000 0.000000000 0.976728356 -0.214480112
1741615512.916018 0.216200577 -0.456593636 0.000000000 0.000000000 0.000000000 0.976894971 -0.213719949
1741615513.016105 0.215889239 -0.456585127 0.000000000 0.000000000 0.000000000 0.976728356 -0.214480112
1741615513.116854 0.215580940 -0.456259904 0.000000000 0.000000000 0.000000000 0.977236631 -0.212152228
1741615513.216582 0.215889239 -0.456585127 0.000000000 0.000000000 0.000000000 0.976728356 -0.214480112
1741615513.316532 0.215889239 -0.456585127 0.000000000 0.000000000 0.000000000 0.976728356 -0.214480112
1741615513.416861 0.215889239 -0.456585127 0.000000000 0.000000000 0.000000000 0.976728356 -0.214480112
1741615513.515682 0.215580940 -0.456259904 0.000000000 0.000000000 0.000000000 0.977236631 -0.212152228
1741615513.616250 0.215889239 -0.456585127 0.000000000 0.000000000 0.000000000 0.976728356 -0.214480112
1741615513.716893 0.215889239 -0.456585127 0.000000000 0.000000000 0.000000000 0.976728356 -0.214480112
1741615513.815928 0.215580940 -0.456259904 0.000000000 0.000000000 0.000000000 0.977236631 -0.212152228
1741615513.915894 0.215889239 -0.456585127 0.000000000 0.000000000 0.000000000 0.976728356 -0.214480112
1741615514.016654 0.215889239 -0.456585127 0.000000000 0.000000000 0.000000000 0.976728356 -0.214480112
1741615514.116886 0.215889239 -0.456585127 0.000000000 0.000000000 0.000000000 0.976728356 -0.214480112
1741615514.216919 0.214045181 -0.457795829 0.000000000 0.000000000 0.000000000 0.976041995 -0.217582221
1741615514.415936 0.186920315 -0.469946286 0.000000000 0.000000000 0.000000000 0.978407547 -0.206684957
1741615514.515611 0.160134245 -0.481172296 0.000000000 0.000000000 0.000000000 0.979862073 -0.199675534
1741615514.616102 0.127177622 -0.498480666 0.000000000 0.000000000 0.000000000 0.978715240 -0.205222997
1741615514.715866 0.089068146 -0.514106526 0.000000000 0.000000000 0.000000000 0.980932839 -0.194347023
1741615514.816770 0.055305226 -0.527025773 0.000000000 0.000000000 0.000000000 0.982443101 -0.186562464
1741615514.976968 0.011781177 -0.543137075 0.000000000 0.000000000 0.000000000 0.984972703 -0.172710088
1741615515.076679 -0.009644212 -0.550105169 0.000000000 0.000000000 0.000000000 0.985529122 -0.169506194
1741615515.175385 -0.025859228 -0.556267115 0.000000000 0.000000000 0.000000000 0.986663434 -0.162773671
1741615515.276452 -0.039313834 -0.560300387 0.000000000 0.000000000 0.000000000 0.986661986 -0.162782446
1741615515.375893 -0.048173142 -0.563521087 0.000000000 0.000000000 0.000000000 0.987198846 -0.159494324
1741615515.475087 -0.053072761 -0.565583283 0.000000000 0.000000000 0.000000000 0.987308637 -0.158813272
1741615515.574356 -0.055201055 -0.565844346 0.000000000 0.000000000 0.000000000 0.987292582 -0.158913049
1741615515.674037 -0.055196301 -0.565527439 0.000000000 0.000000000 0.000000000 0.987561650 -0.157232275
1741615515.772438 -0.055196301 -0.565527439 0.000000000 0.000000000 0.000000000 0.987561650 -0.157232275
1741615516.173779 -0.054891793 -0.565536418 0.000000000 0.000000000 0.000000000 0.987478305 -0.157754864
1741615516.273892 -0.054891793 -0.565536418 0.000000000 0.000000000 0.000000000 0.987478305 -0.157754864
1741615516.373794 -0.054891793 -0.565536418 0.000000000 0.000000000 0.000000000 0.987478305 -0.157754864
1741615516.473640 -0.055196301 -0.565527439 0.000000000 0.000000000 0.000000000 0.987561650 -0.157232275
1741615516.575061 -0.054891793 -0.565536418 0.000000000 0.000000000 0.000000000 0.987478305 -0.157754864
1741615516.673323 -0.055196301 -0.565527439 0.000000000 0.000000000 0.000000000 0.987561650 -0.157232275
1741615516.773845 -0.055196301 -0.565527439 0.000000000 0.000000000 0.000000000 0.987561650 -0.157232275
1741615516.875282 -0.055196301 -0.565527439 0.000000000 0.000000000 0.000000000 0.987561650 -0.157232275
1741615516.977769 -0.055196301 -0.565527439 0.000000000 0.000000000 0.000000000 0.987561650 -0.157232275
1741615517.077014 -0.054891793 -0.565536418 0.000000000 0.000000000 0.000000000 0.987478305 -0.157754864
1741615517.177144 -0.054891793 -0.565536418 0.000000000 0.000000000 0.000000000 0.987478305 -0.157754864
1741615517.281230 -0.054891793 -0.565536418 0.000000000 0.000000000 0.000000000 0.987478305 -0.157754864
1741615517.485354 -0.054891793 -0.565536418 0.000000000 0.000000000 0.000000000 0.987478305 -0.157754864
1741615517.583974 -0.054891793 -0.565536418 0.000000000 0.000000000 0.000000000 0.987478305 -0.157754864
1741615517.682745 -0.055196301 -0.565527439 0.000000000 0.000000000 0.000000000 0.987561650 -0.157232275
1741615517.781722 -0.054891793 -0.565536418 0.000000000 0.000000000 0.000000000 0.987478305 -0.157754864
1741615517.881000 -0.054891793 -0.565536418 0.000000000 0.000000000 0.000000000 0.987478305 -0.157754864
1741615518.021862 -0.055196301 -0.565527439 0.000000000 0.000000000 0.000000000 0.987561650 -0.157232275
1741615518.121462 -0.055196301 -0.565527439 0.000000000 0.000000000 0.000000000 0.987561650 -0.157232275
1741615518.221016 -0.054891793 -0.565536418 0.000000000 0.000000000 0.000000000 0.987478305 -0.157754864
1741615518.319907 -0.055196301 -0.565527439 0.000000000 0.000000000 0.000000000 0.987561650 -0.157232275
1741615518.419448 -0.054891793 -0.565536418 0.000000000 0.000000000 0.000000000 0.987478305 -0.157754864
1741615518.518961 -0.055201055 -0.565844346 0.000000000 0.000000000 0.000000000 0.987292582 -0.158913049
1741615518.617926 -0.063446143 -0.568135040 0.000000000 0.000000000 0.000000000 0.987560208 -0.157241331
1741615518.716701 -0.079622821 -0.573040512 0.000000000 0.000000000 0.000000000 0.988743455 -0.149620788
1741615518.816156 -0.093653702 -0.577370851 0.000000000 0.000000000 0.000000000 0.989314301 -0.145798540
1741615519.217178 -0.113770166 -0.583117738 0.000000000 0.000000000 0.000000000 0.989789306 -0.142538169
1741615519.317919 -0.113770166 -0.583117738 0.000000000 0.000000000 0.000000000 0.989789306 -0.142538169
1741615519.418179 -0.113770166 -0.583117738 0.000000000 0.000000000 0.000000000 0.989789306 -0.142538169
1741615519.517654 -0.113770166 -0.583117738 0.000000000 0.000000000 0.000000000 0.989789306 -0.142538169
1741615519.616948 -0.113770166 -0.583117738 0.000000000 0.000000000 0.000000000 0.989789306 -0.142538169
1741615519.718068 -0.113770166 -0.583117738 0.000000000 0.000000000 0.000000000 0.989789306 -0.142538169
1741615519.819213 -0.113770166 -0.583117738 0.000000000 0.000000000 0.000000000 0.989789306 -0.142538169
1741615519.919279 -0.113770166 -0.583117738 0.000000000 0.000000000 0.000000000 0.989789306 -0.142538169
1741615520.026524 -0.113770166 -0.583117738 0.000000000 0.000000000 0.000000000 0.989789306 -0.142538169
1741615520.127783 -0.113770166 -0.583117738 0.000000000 0.000000000 0.000000000 0.989789306 -0.142538169
1741615520.227036 -0.113770166 -0.583117738 0.000000000 0.000000000 0.000000000 0.989789306 -0.142538169
1741615520.325715 -0.113770166 -0.583117738 0.000000000 0.000000000 0.000000000 0.989789306 -0.142538169
1741615520.425066 -0.116208773 -0.583997565 0.000000000 0.000000000 0.000000000 0.990026132 -0.140883848
1741615520.526233 -0.129304900 -0.587407695 0.000000000 0.000000000 0.000000000 0.990089634 -0.140436877
1741615520.625687 -0.151205671 -0.592791000 0.000000000 0.000000000 0.000000000 0.990798640 -0.135344209
1741615520.727211 -0.180401840 -0.601121784 0.000000000 0.000000000 0.000000000 0.991327743 -0.131412735
1741615520.826304 -0.217436467 -0.610501312 0.000000000 0.000000000 0.000000000 0.992930959 -0.118693351
1741615521.024815 -0.309472627 -0.631939712 0.000000000 0.000000000 0.000000000 0.995978268 -0.089595148
1741615521.124998 -0.362885797 -0.642509210 0.000000000 0.000000000 0.000000000 0.996877988 -0.078957432
1741615521.225290 -0.417665497 -0.651818409 0.000000000 0.000000000 0.000000000 0.997641109 -0.068645601
1741615521.424381 -0.531183949 -0.662655065 0.000000000 0.000000000 0.000000000 0.000000000 1.000000000
1741615521.523018 -0.579641014 -0.668172265 0.000000000 0.000000000 0.000000000 0.000000000 1.000000000
1741615550.534053 -0.903656633 -0.636651401 0.000000000 0.000000000 0.000000000 0.000000000 1.000000000
1741615550.792487 -0.904541910 -0.636637624 0.000000000 0.000000000 0.000000000 0.986887537 0.161409382
1741615550.894188 -0.904224730 -0.636324919 0.000000000 0.000000000 0.000000000 0.987248593 0.159186106
