1741617711.906741 -0.924207297 0.536528103 0.000000000 0.000000000 0.000000000 -0.030563118 0.999532839
1741617712.006512 -0.924806657 0.535690487 0.000000000 0.000000000 0.000000000 -0.028936604 0.999581249
1741617712.105749 -0.924525944 0.535691832 0.000000000 0.000000000 0.000000000 -0.032159097 0.999482762
1741617712.206406 -0.924535075 0.535410443 0.000000000 0.000000000 0.000000000 -0.020488167 0.999790095
1741617712.306754 -0.924512912 0.535971117 0.000000000 0.000000000 0.000000000 -0.030534812 0.999533704
1741617712.407017 -0.924255078 0.535415646 0.000000000 0.000000000 0.000000000 -0.020194012 0.999796080
1741617712.505269 -0.923960350 0.535688751 0.000000000 0.000000000 0.000000000 -0.025472907 0.999675513
1741617712.606999 -0.923947909 0.535967888 0.000000000 0.000000000 0.000000000 -0.027210986 0.999629713
1741617712.705784 -0.924265038 0.535137463 0.000000000 0.000000000 0.000000000 -0.018549471 0.999827944
1741617712.806968 -0.924819886 0.535414892 0.000000000 0.000000000 0.000000000 -0.030422428 0.999537131
1741617712.906968 -0.924534702 0.535407081 0.000000000 0.000000000 0.000000000 -0.030970913 0.999520286
1741617713.106218 -0.925360037 0.535970840 0.000000000 0.000000000 0.000000000 -0.030734898 0.999527571
1741617713.306139 -0.923982731 0.535134399 0.000000000 0.000000000 0.000000000 -0.021990462 0.999758181
1741617713.410532 -0.924547526 0.535134241 0.000000000 0.000000000 0.000000000 -0.018694255 0.999825247
1741617713.509652 -0.924819581 0.535414681 0.000000000 0.000000000 0.000000000 -0.016889109 0.999857369
1741617713.908312 -0.924522723 0.535686376 0.000000000 0.000000000 0.000000000 -0.029173903 0.999574351
1741617714.106167 -0.925090666 0.535691686 0.000000000 0.000000000 0.000000000 -0.028864245 0.999583341
1741617714.206885 -0.924252146 0.535413846 0.000000000 0.000000000 0.000000000 -0.017027541 0.999855021
1741617714.305520 -0.923133561 0.535130640 0.000000000 0.000000000 0.000000000 -0.022122994 0.999755257
1741617714.506487 -0.855451686 0.535743807 0.000000000 0.000000000 0.000000000 -0.016753390 0.999859652
1741617715.006488 -0.376780983 0.548157641 0.000000000 0.000000000 0.000000000 0.000000000 1.000000000
1741617715.106854 -0.282268184 0.548732233 0.000000000 0.000000000 0.000000000 0.000000000 1.000000000
1741617715.307154 -0.113986827 0.559603422 0.000000000 0.000000000 0.000000000 0.000000000 1.000000000
1741617715.406114 -0.038836179 0.562010200 0.000000000 0.000000000 0.000000000 0.000000000 1.000000000
1741617715.506601 0.029098941 0.563216632 0.000000000 0.000000000 0.000000000 0.004731528 0.999988806
1741617715.605287 0.091822820 0.567492589 0.000000000 0.000000000 0.000000000 0.009641674 0.999953518
1741617715.706990 0.150682831 0.570596885 0.000000000 0.000000000 0.000000000 0.007997183 0.999968022
1741617716.106224 0.325387019 0.582814355 0.000000000 0.000000000 0.000000000 0.016189774 0.999868937
1741617716.206422 0.356889449 0.584543463 0.000000000 0.000000000 0.000000000 0.017675770 0.999843771
1741617716.305956 0.383099346 0.585646856 0.000000000 0.000000000 0.000000000 0.012888719 0.999916937
1741617716.406415 0.405467937 0.583312969 0.000000000 0.000000000 0.000000000 0.026894702 0.999638272
1741617716.607728 0.435969010 0.582164885 0.000000000 0.000000000 0.000000000 0.018963874 0.999820170
1741617716.706325 0.443183364 0.577927352 0.000000000 0.000000000 0.000000000 -0.004740493 0.999988764
1741617716.805778 0.444082401 0.577362241 0.000000000 0.000000000 0.000000000 -0.007980790 0.999968153
1741617717.006066 0.464810051 0.569793769 0.000000000 0.000000000 0.000000000 -0.035593449 0.999366352
1741617717.106413 0.496814186 0.549047417 0.000000000 0.000000000 0.000000000 -0.106567302 0.994305491
1741617717.306629 0.582669388 0.461495244 0.000000000 0.000000000 0.000000000 -0.339486192 0.940611038
1741617727.405409 0.433034751 -0.332397388 0.000000000 0.000000000 0.000000000 -0.629285605 0.777174129
1741617727.906888 0.623005424 -0.435029797 0.000000000 0.000000000 0.000000000 -0.248674808 0.968587033
1741617728.005467 0.629330762 -0.434252072 0.000000000 0.000000000 0.000000000 -0.234355541 0.972150956
1741617728.106842 0.628092045 -0.435484520 0.000000000 0.000000000 0.000000000 -0.240687637 0.970602628
1741617728.206830 0.628703808 -0.434550421 0.000000000 0.000000000 0.000000000 -0.235942761 0.971766954
1741617728.306602 0.628713806 -0.434871663 0.000000000 0.000000000 0.000000000 -0.240700904 0.970599338
1741617728.405818 0.629045191 -0.435514331 0.000000000 0.000000000 0.000000000 -0.239905271 0.970796302
1741617728.506337 0.628708929 -0.434870317 0.000000000 0.000000000 0.000000000 -0.242267094 0.970209594
1741617728.706820 0.627751402 -0.434841996 0.000000000 0.000000000 0.000000000 -0.239909086 0.970795360
1741617728.806212 0.628727132 -0.435824591 0.000000000 0.000000000 0.000000000 -0.243848864 0.969813246
1741617729.005896 0.629345919 -0.434886479 0.000000000 0.000000000 0.000000000 -0.237540905 0.971377536
1741617729.106466 0.628060188 -0.434213386 0.000000000 0.000000000 0.000000000 -0.239092263 0.970996854
1741617729.205570 0.629026838 -0.434559824 0.000000000 0.000000000 0.000000000 -0.238307304 0.971189801
1741617729.305585 0.628728081 -0.435815525 0.000000000 0.000000000 0.000000000 -0.235963049 0.971762028
1741617729.706954 0.628404847 -0.435810113 0.000000000 0.000000000 0.000000000 -0.241520845 0.970395631
1741617729.805664 0.634688823 -0.432256796 0.000000000 0.000000000 0.000000000 -0.265826289 0.964020946
1741617730.106562 0.629027616 -0.435194015 0.000000000 0.000000000 0.000000000 -0.241507541 0.970398943
1741617730.206477 0.628375878 -0.434539568 0.000000000 0.000000000 0.000000000 -0.235103009 0.971970460
1741617730.307413 0.629028439 -0.435184798 0.000000000 0.000000000 0.000000000 -0.233546335 0.972345674
1741617730.406932 0.628739625 -0.436454725 0.000000000 0.000000000 0.000000000 -0.243863067 0.969809674
1741617730.505314 0.628698816 -0.434548796 0.000000000 0.000000000 0.000000000 -0.237511540 0.971384717
1741617730.607356 0.628710392 -0.434871056 0.000000000 0.000000000 0.000000000 -0.237550462 0.971375199
1741617730.706406 0.628393735 -0.434541682 0.000000000 0.000000000 0.000000000 -0.238299105 0.971191812
1741617730.806447 0.628711304 -0.434867507 0.000000000 0.000000000 0.000000000 -0.237545639 0.971376379
1741617731.006201 0.628392609 -0.434855159 0.000000000 0.000000000 0.000000000 -0.238316306 0.971187592
1741617731.105821 0.629023574 -0.434872062 0.000000000 0.000000000 0.000000000 -0.235119384 0.971966499
1741617731.206703 0.628078436 -0.435478922 0.000000000 0.000000000 0.000000000 -0.240716232 0.970595537
1741617731.306517 0.629066733 -0.437085420 0.000000000 0.000000000 0.000000000 -0.236778485 0.971563662
1741617731.406494 0.627791884 -0.437056277 0.000000000 0.000000000 0.000000000 -0.246351428 0.969180568
1741617731.610464 0.629044221 -0.436140650 0.000000000 0.000000000 0.000000000 -0.239947016 0.970785985
1741617731.709443 0.627473055 -0.436731118 0.000000000 0.000000000 0.000000000 -0.247106194 0.968988405
1741617731.808422 0.629055145 -0.436147129 0.000000000 0.000000000 0.000000000 -0.244680957 0.969603645
1741617731.907567 0.628424049 -0.436761152 0.000000000 0.000000000 0.000000000 -0.243131991 0.969993214
1741617732.006455 0.628426408 -0.437075284 0.000000000 0.000000000 0.000000000 -0.246346377 0.969181852
1741617732.106029 0.629041692 -0.435830720 0.000000000 0.000000000 0.000000000 -0.244702503 0.969598208
1741617732.206601 0.628413730 -0.436443728 0.000000000 0.000000000 0.000000000 -0.246346337 0.969181862
1741617732.306112 0.629042465 -0.435826908 0.000000000 0.000000000 0.000000000 -0.244724642 0.969592620
1741617732.405857 0.628094105 -0.436123472 0.000000000 0.000000000 0.000000000 -0.247075716 0.968996177
1741617732.505659 0.629695948 -0.436793930 0.000000000 0.000000000 0.000000000 -0.246300547 0.969193500
1741617732.606696 0.631303451 -0.438105876 0.000000000 0.000000000 0.000000000 -0.247120035 0.968984875
1741617732.706629 0.642931907 -0.448897373 0.000000000 0.000000000 0.000000000 -0.274112564 0.961697615
1741617732.806063 0.663221317 -0.462810329 0.000000000 0.000000000 0.000000000 -0.293584092 0.955933251
1741617732.905240 0.688838581 -0.483624859 0.000000000 0.000000000 0.000000000 -0.330881421 0.943672340
1741617733.106682 0.744774765 -0.544954638 0.000000000 0.000000000 0.000000000 -0.454947227 0.890518400
1741617733.508542 0.805148123 -0.726976519 0.000000000 0.000000000 0.000000000 -0.702389021 0.711793273
1741617733.707317 0.803750272 -0.754972685 0.000000000 0.000000000 0.000000000 -0.708498351 0.705712467
1741617733.806056 0.803750272 -0.754972685 0.000000000 0.000000000 0.000000000 -0.708498351 0.705712467
1741617733.905176 0.803750272 -0.754972685 0.000000000 0.000000000 0.000000000 -0.708498351 0.705712467
1741617734.006164 0.804079524 -0.754986439 0.000000000 0.000000000 0.000000000 -0.709756833 0.704446761
1741617734.107105 0.803736836 -0.754635936 0.000000000 0.000000000 0.000000000 -0.708556920 0.705653663
1741617734.205675 0.803750272 -0.754972685 0.000000000 0.000000000 0.000000000 -0.708498351 0.705712467
1741617734.306640 0.803750272 -0.754972685 0.000000000 0.000000000 0.000000000 -0.708498351 0.705712467
1741617734.406507 0.803750272 -0.754972685 0.000000000 0.000000000 0.000000000 -0.708498351 0.705712467
1741617734.506333 0.803758287 -0.755298212 0.000000000 0.000000000 0.000000000 -0.708533101 0.705677578
1741617734.606498 0.803750272 -0.754972685 0.000000000 0.000000000 0.000000000 -0.708498351 0.705712467
1741617734.757984 0.803750272 -0.754972685 0.000000000 0.000000000 0.000000000 -0.708498351 0.705712467
1741617734.878203 0.803750272 -0.754972685 0.000000000 0.000000000 0.000000000 -0.708498351 0.705712467
1741617734.986610 0.803750272 -0.754972685 0.000000000 0.000000000 0.000000000 -0.708498351 0.705712467
1741617735.089047 0.803750272 -0.754972685 0.000000000 0.000000000 0.000000000 -0.708498351 0.705712467
1741617735.192654 0.803750272 -0.754972685 0.000000000 0.000000000 0.000000000 -0.708498351 0.705712467
1741617735.296113 0.803750272 -0.754972685 0.000000000 0.000000000 0.000000000 -0.708498351 0.705712467
1741617735.395700 0.804121542 -0.756310115 0.000000000 0.000000000 0.000000000 -0.707222864 0.706990679
1741617735.494283 0.803418497 -0.764879054 0.000000000 0.000000000 0.000000000 -0.720958022 0.692978738
1741617735.594061 0.802588745 -0.779741728 0.000000000 0.000000000 0.000000000 -0.740883104 0.671633997
1741617735.695930 0.798690647 -0.801130806 0.000000000 0.000000000 0.000000000 -0.767894742 0.640576042
1741617735.795540 0.796683175 -0.810021564 0.000000000 0.000000000 0.000000000 -0.771023388 0.636806827
1741617735.894417 0.796651235 -0.809025998 0.000000000 0.000000000 0.000000000 -0.768484077 0.639868912
1741617735.992750 0.796643935 -0.808706856 0.000000000 0.000000000 0.000000000 -0.767737708 0.640764240
1741617736.092052 0.796643935 -0.808706856 0.000000000 0.000000000 0.000000000 -0.767737708 0.640764240
1741617736.191621 0.796643935 -0.808706856 0.000000000 0.000000000 0.000000000 -0.767737708 0.640764240
1741617736.290684 0.794587532 -0.816245023 0.000000000 0.000000000 0.000000000 -0.774692756 0.632337831
1741617736.390491 0.789554943 -0.833334940 0.000000000 0.000000000 0.000000000 -0.787435334 0.616397271
1741617736.490533 0.780536510 -0.858622000 0.000000000 0.000000000 0.000000000 -0.807518143 0.589842732
1741617736.590662 0.767096040 -0.890138766 0.000000000 0.000000000 0.000000000 -0.829924677 0.557875461
1741617736.693831 0.759918859 -0.904797319 0.000000000 0.000000000 0.000000000 -0.831269242 0.555869992
1741617736.793100 0.759883420 -0.903454715 0.000000000 0.000000000 0.000000000 -0.829193195 0.558962115
1741617736.891681 0.759520772 -0.902427358 0.000000000 0.000000000 0.000000000 -0.828590515 0.559855122
1741617736.990874 0.760596420 -0.902256213 0.000000000 0.000000000 0.000000000 -0.835053347 0.550168981
1741617737.089812 0.758799951 -0.908213195 0.000000000 0.000000000 0.000000000 -0.832253719 0.554394938
1741617737.190560 0.750739000 -0.923302235 0.000000000 0.000000000 0.000000000 -0.841372119 0.540456250
1741617737.289382 0.736043978 -0.947512412 0.000000000 0.000000000 0.000000000 -0.860905443 0.508764993
1741617737.388175 0.714573221 -0.975840044 0.000000000 0.000000000 0.000000000 0.890716004 -0.454560227
1741617737.486577 0.699555461 -0.992906365 0.000000000 0.000000000 0.000000000 0.896086407 -0.443879659
1741617737.585376 0.695307013 -0.994028345 0.000000000 0.000000000 0.000000000 0.896780083 -0.442476534
1741617737.687389 0.697743760 -0.994976617 0.000000000 0.000000000 0.000000000 0.898328395 -0.439324590
1741617737.785819 0.697410923 -0.994955562 0.000000000 0.000000000 0.000000000 0.898997627 -0.437953498
1741617737.885739 0.694681623 -0.994680223 0.000000000 0.000000000 0.000000000 0.897968724 -0.440059281
1741617737.986470 0.694073127 -0.996677019 0.000000000 0.000000000 0.000000000 0.896491853 -0.443060218
1741617738.085419 0.685278094 -1.006885715 0.000000000 0.000000000 0.000000000 0.906680355 -0.421818366
1741617738.184824 0.667678334 -1.022944798 0.000000000 0.000000000 0.000000000 0.921549520 -0.388260842
1741617738.284281 0.641201877 -1.041458221 0.000000000 0.000000000 0.000000000 0.945689607 -0.325071017
1741617738.383156 0.607569617 -1.066754943 0.000000000 0.000000000 0.000000000 0.965148060 -0.261704457
1741617738.482168 0.567092444 -1.086288227 0.000000000 0.000000000 0.000000000 0.979216224 -0.202819100
1741617738.580725 0.521227025 -1.103038576 0.000000000 0.000000000 0.000000000 0.991890737 -0.127093535
1741617738.679789 0.471285941 -1.112844218 0.000000000 0.000000000 0.000000000 0.998496168 -0.054821553
1741617738.780921 0.418241035 -1.117508437 0.000000000 0.000000000 0.000000000 0.999787065 0.020635509
1741617738.879959 0.366640723 -1.112831465 0.000000000 0.000000000 0.000000000 0.994669616 0.103113315
1741617738.979253 0.319212548 -1.100347612 0.000000000 0.000000000 0.000000000 0.983262025 0.182197117
1741617740.068435 0.000218749 -0.510244863 0.000000000 0.000000000 0.000000000 0.665091718 0.746761680
1741617740.267980 0.034652726 -0.370915823 0.000000000 0.000000000 0.000000000 0.577316497 0.816520461
1741617740.367265 0.065321358 -0.293345289 0.000000000 0.000000000 0.000000000 0.536569668 0.843856025
1741617740.466966 0.103977629 -0.219396206 0.000000000 0.000000000 0.000000000 0.518900970 0.854834360
1741617747.612025 0.271208446 0.373280484 0.000000000 0.000000000 0.000000000 0.000000000 1.000000000
1741617747.711132 0.199588392 0.395940034 0.000000000 0.000000000 0.000000000 0.000000000 1.000000000
1741617747.909651 0.077488676 0.441710793 0.000000000 0.000000000 0.000000000 0.000000000 1.000000000
1741617748.008917 0.025321065 0.464274271 0.000000000 0.000000000 0.000000000 0.000000000 1.000000000
1741617752.505890 -0.197446045 0.445195203 0.000000000 0.000000000 0.000000000 -0.659709833 0.751520416
1741617752.705822 -0.207864247 0.415566589 0.000000000 0.000000000 0.000000000 -0.707776443 0.706436485
1741617752.806112 -0.211206550 0.407291929 0.000000000 0.000000000 0.000000000 -0.718088722 0.695951570
1741617752.908106 -0.212417960 0.404722425 0.000000000 0.000000000 0.000000000 -0.722584518 0.691282587
1741617753.006990 -0.212393203 0.405865975 0.000000000 0.000000000 0.000000000 -0.722627587 0.691237564
1741617753.106582 -0.212393203 0.405865975 0.000000000 0.000000000 0.000000000 -0.722627587 0.691237564
1741617753.306016 -0.210964772 0.405299278 0.000000000 0.000000000 0.000000000 -0.719186803 0.694816769
1741617753.406309 -0.210964772 0.405299278 0.000000000 0.000000000 0.000000000 -0.719186803 0.694816769
1741617753.506390 -0.210964772 0.405299278 0.000000000 0.000000000 0.000000000 -0.719186803 0.694816769
1741617753.606542 -0.210964772 0.405299278 0.000000000 0.000000000 0.000000000 -0.719186803 0.694816769
1741617753.706680 -0.210964772 0.405299278 0.000000000 0.000000000 0.000000000 -0.719186803 0.694816769
1741617753.906136 -0.210964772 0.405299278 0.000000000 0.000000000 0.000000000 -0.719186803 0.694816769
1741617754.005789 -0.211260825 0.405015178 0.000000000 0.000000000 0.000000000 -0.720348279 0.693612540
1741617754.206409 -0.211409570 0.398178740 0.000000000 0.000000000 0.000000000 -0.720340772 0.693620338
1741617754.306470 -0.212473382 0.388765829 0.000000000 0.000000000 0.000000000 -0.723743047 0.690069563
1741617754.605698 -0.212909868 0.381916073 0.000000000 0.000000000 0.000000000 -0.724869687 0.688886012
1741617754.705226 -0.213201131 0.381915622 0.000000000 0.000000000 0.000000000 -0.725995879 0.687699050
1741617754.805299 -0.212909868 0.381916073 0.000000000 0.000000000 0.000000000 -0.724869687 0.688886012
1741617761.007578 -0.489935440 -0.519076943 0.000000000 0.000000000 0.000000000 -0.803728051 0.594996824
1741617761.106993 -0.488038537 -0.542315425 0.000000000 0.000000000 0.000000000 -0.777703147 0.628631701
1741617761.305804 -0.466026891 -0.632180363 0.000000000 0.000000000 0.000000000 -0.682120903 0.731239409
1741617761.405287 -0.447425555 -0.666502341 0.000000000 0.000000000 0.000000000 -0.633893099 0.773420674
1741617761.907611 -0.421847162 -0.691102463 0.000000000 0.000000000 0.000000000 -0.570261138 0.821463471
1741617763.306723 -0.244431608 -0.787660787 0.000000000 0.000000000 0.000000000 -0.238596545 0.971118782
1741617763.405945 -0.244426610 -0.787341244 0.000000000 0.000000000 0.000000000 -0.237029316 0.971502498
1741617764.106711 -0.204609504 -0.790182407 0.000000000 0.000000000 0.000000000 -0.173635932 0.984809912
1741617765.606761 -0.100520958 -0.760463875 0.000000000 0.000000000 0.000000000 0.034697796 0.999397850
1741617767.305802 -0.100520750 -0.760470632 0.000000000 0.000000000 0.000000000 0.034649052 0.999399541
1741617768.307797 -0.048887008 -0.751228689 0.000000000 0.000000000 0.000000000 0.049665592 0.998765903
1741617768.706754 0.311311420 -0.658537365 0.000000000 0.000000000 0.000000000 0.119868190 0.992789815
1741617768.805191 0.431279197 -0.617251709 0.000000000 0.000000000 0.000000000 0.137140705 0.990551577
1741617769.005697 0.689393233 -0.506375802 0.000000000 0.000000000 0.000000000 0.183929860 0.982939371
1741617769.105728 0.816472266 -0.441881476 0.000000000 0.000000000 0.000000000 0.214058394 0.976820866
1741617769.205591 0.943941674 -0.366302441 0.000000000 0.000000000 0.000000000 0.000000000 1.000000000
1741617769.306546 1.072373070 -0.285044411 0.000000000 0.000000000 0.000000000 0.000000000 1.000000000
