1741617075.980412 0.395228026 -0.206329591 0.000000000 0.000000000 0.000000000 0.904524240 -0.426422208
1741617076.080112 0.350927016 -0.221222115 0.000000000 0.000000000 0.000000000 0.946407368 -0.322975377
1741617076.179221 0.311902132 -0.226674769 0.000000000 0.000000000 0.000000000 0.971162793 -0.238417344
1741617076.279846 0.279690698 -0.225182494 0.000000000 0.000000000 0.000000000 0.986449679 -0.164064105
1741617076.379495 0.255808279 -0.220476192 0.000000000 0.000000000 0.000000000 0.993963076 -0.109715102
1741617076.479608 0.239613491 -0.216518687 0.000000000 0.000000000 0.000000000 0.997750990 -0.067029558
1741617076.580318 0.231678818 -0.213626178 0.000000000 0.000000000 0.000000000 0.998699210 -0.050989105
1741617076.680614 0.231372010 -0.213317114 0.000000000 0.000000000 0.000000000 0.998772955 -0.049523566
1741617076.780467 0.231681176 -0.213627399 0.000000000 0.000000000 0.000000000 0.998865176 -0.047627314
1741617076.879122 0.231069955 -0.213312950 0.000000000 0.000000000 0.000000000 0.998784275 -0.049294747
1741617076.979804 0.231375478 -0.213317315 0.000000000 0.000000000 0.000000000 0.998793424 -0.049109014
1741617077.078402 0.231377042 -0.213925430 0.000000000 0.000000000 0.000000000 0.998953624 -0.045734640
1741617077.279180 0.231374872 -0.213318991 0.000000000 0.000000000 0.000000000 0.998774168 -0.049499098
1741617077.379076 0.231025005 -0.213556279 0.000000000 0.000000000 0.000000000 0.998234835 -0.059390354
1741617077.479392 0.230453094 -0.215133858 0.000000000 0.000000000 0.000000000 0.998208115 -0.059837780
1741617077.579465 0.230150956 -0.215129651 0.000000000 0.000000000 0.000000000 0.998221900 -0.059607370
1741617077.679322 0.230458039 -0.214831095 0.000000000 0.000000000 0.000000000 0.998333434 -0.057709217
1741617077.779532 0.230458039 -0.214831095 0.000000000 0.000000000 0.000000000 0.998333434 -0.057709217
1741617077.879204 0.230152561 -0.214826768 0.000000000 0.000000000 0.000000000 0.998320742 -0.057928369
1741617077.979041 0.230152561 -0.214826768 0.000000000 0.000000000 0.000000000 0.998320742 -0.057928369
1741617078.078736 0.230150956 -0.215129651 0.000000000 0.000000000 0.000000000 0.998221900 -0.059607370
1741617078.179132 0.230456434 -0.215133978 0.000000000 0.000000000 0.000000000 0.998235622 -0.059377122
1741617078.278358 0.230458039 -0.214831095 0.000000000 0.000000000 0.000000000 0.998333434 -0.057709217
1741617078.379322 0.230150956 -0.215129651 0.000000000 0.000000000 0.000000000 0.998221900 -0.059607370
1741617078.579166 0.218536352 -0.223199110 0.000000000 0.000000000 0.000000000 0.996483732 -0.083786465
1741617078.682005 0.188000639 -0.244415502 0.000000000 0.000000000 0.000000000 0.989630030 -0.143639837
1741617078.782057 0.150737008 -0.277790328 0.000000000 0.000000000 0.000000000 0.976532219 -0.215371367
1741617078.880427 0.131389368 -0.310931213 0.000000000 0.000000000 0.000000000 0.953312721 -0.301984861
1741617078.979338 0.119092097 -0.335038625 0.000000000 0.000000000 0.000000000 0.935556731 -0.353176449
1741617079.178622 0.111071277 -0.354324059 0.000000000 0.000000000 0.000000000 0.921300853 -0.388850536
1741617079.278807 0.111683816 -0.353098310 0.000000000 0.000000000 0.000000000 0.922287255 -0.386505135
1741617079.380271 0.111683816 -0.353098310 0.000000000 0.000000000 0.000000000 0.922287255 -0.386505135
1741617079.480212 0.111683830 -0.353408498 0.000000000 0.000000000 0.000000000 0.922771849 -0.385346745
1741617079.579472 0.111990093 -0.353416180 0.000000000 0.000000000 0.000000000 0.922295925 -0.386484445
1741617079.678756 0.111683816 -0.353098310 0.000000000 0.000000000 0.000000000 0.922287255 -0.386505135
1741617079.780068 0.111380906 -0.353403431 0.000000000 0.000000000 0.000000000 0.922284449 -0.386511830
1741617079.878591 0.111990093 -0.353416180 0.000000000 0.000000000 0.000000000 0.922295925 -0.386484445
1741617079.978785 0.111683816 -0.353098310 0.000000000 0.000000000 0.000000000 0.922287255 -0.386505135
1741617080.079191 0.108917511 -0.358295509 0.000000000 0.000000000 0.000000000 0.918303969 -0.395876016
1741617080.679149 0.104908754 -0.368421723 0.000000000 0.000000000 0.000000000 0.908097068 -0.418759734
1741617082.280311 0.096862518 -0.391473059 0.000000000 0.000000000 0.000000000 0.895114948 -0.445835429
1741617082.585551 0.092747379 -0.571449601 0.000000000 0.000000000 0.000000000 -0.741215030 0.671267666
1741617082.684130 0.114513428 -0.654518061 0.000000000 0.000000000 0.000000000 -0.670339185 0.742054834
1741617083.198521 0.341840659 -0.817920718 0.000000000 0.000000000 0.000000000 -0.238857440 0.971054645
1741617083.301561 0.361456319 -0.817714431 0.000000000 0.000000000 0.000000000 -0.202024704 0.979380426
1741617083.402215 0.369372144 -0.816395443 0.000000000 0.000000000 0.000000000 -0.186569874 0.982441694
1741617083.501656 0.369372144 -0.816395443 0.000000000 0.000000000 0.000000000 -0.186569874 0.982441694
1741617083.600179 0.369372144 -0.816395443 0.000000000 0.000000000 0.000000000 -0.186569874 0.982441694
1741617083.700341 0.369372144 -0.816395443 0.000000000 0.000000000 0.000000000 -0.186569874 0.982441694
1741617083.800140 0.369372144 -0.816395443 0.000000000 0.000000000 0.000000000 -0.186569874 0.982441694
1741617083.899090 0.369372144 -0.816395443 0.000000000 0.000000000 0.000000000 -0.186569874 0.982441694
1741617083.997607 0.369372144 -0.816395443 0.000000000 0.000000000 0.000000000 -0.186569874 0.982441694
1741617084.096146 0.369372144 -0.816395443 0.000000000 0.000000000 0.000000000 -0.186569874 0.982441694
1741617084.195699 0.369685928 -0.816406219 0.000000000 0.000000000 0.000000000 -0.187122495 0.982336588
1741617084.295203 0.369372144 -0.816395443 0.000000000 0.000000000 0.000000000 -0.186569874 0.982441694
1741617084.594052 0.369955863 -0.817639119 0.000000000 0.000000000 0.000000000 -0.191785653 0.981436836
1741617084.693954 0.369685928 -0.816406219 0.000000000 0.000000000 0.000000000 -0.187122495 0.982336588
1741617084.796064 0.369372144 -0.816395443 0.000000000 0.000000000 0.000000000 -0.186569874 0.982441694
1741617084.895398 0.368997539 -0.816615115 0.000000000 0.000000000 0.000000000 0.000000000 1.000000000
1741617084.995522 0.369372144 -0.816395443 0.000000000 0.000000000 0.000000000 -0.186569874 0.982441694
1741617085.094893 0.369372144 -0.816395443 0.000000000 0.000000000 0.000000000 -0.186569874 0.982441694
1741617085.193170 0.369372144 -0.816395443 0.000000000 0.000000000 0.000000000 -0.186569874 0.982441694
1741617085.293241 0.369372144 -0.816395443 0.000000000 0.000000000 0.000000000 -0.186569874 0.982441694
1741617085.392455 0.369372144 -0.816395443 0.000000000 0.000000000 0.000000000 -0.186569874 0.982441694
1741617085.491084 0.369372144 -0.816395443 0.000000000 0.000000000 0.000000000 -0.186569874 0.982441694
1741617085.589850 0.369330424 -0.817277668 0.000000000 0.000000000 0.000000000 -0.191130276 0.981564678
1741617085.687899 0.369685928 -0.816406219 0.000000000 0.000000000 0.000000000 -0.187122495 0.982336588
1741617085.788165 0.369372144 -0.816395443 0.000000000 0.000000000 0.000000000 -0.186569874 0.982441694
1741617085.887440 0.369372144 -0.816395443 0.000000000 0.000000000 0.000000000 -0.186569874 0.982441694
1741617085.986492 0.369685928 -0.816406219 0.000000000 0.000000000 0.000000000 -0.187122495 0.982336588
1741617086.085752 0.369685928 -0.816406219 0.000000000 0.000000000 0.000000000 -0.187122495 0.982336588
1741617086.184613 0.369685928 -0.816406219 0.000000000 0.000000000 0.000000000 -0.187122495 0.982336588
1741617086.283864 0.369373779 -0.816717552 0.000000000 0.000000000 0.000000000 -0.184959765 0.982746094
1741617086.383834 0.369372144 -0.816395443 0.000000000 0.000000000 0.000000000 -0.186569874 0.982441694
1741617086.484077 0.369372144 -0.816395443 0.000000000 0.000000000 0.000000000 -0.186569874 0.982441694
1741617086.585057 0.369685928 -0.816406219 0.000000000 0.000000000 0.000000000 -0.187122495 0.982336588
1741617086.683724 0.369372144 -0.816395443 0.000000000 0.000000000 0.000000000 -0.186569874 0.982441694
1741617086.782540 0.369315430 -0.816957877 0.000000000 0.000000000 0.000000000 -0.191823895 0.981429362
1741617086.880911 0.369372144 -0.816395443 0.000000000 0.000000000 0.000000000 -0.186569874 0.982441694
1741617086.980977 0.370953980 -0.817428563 0.000000000 0.000000000 0.000000000 -0.183359982 0.983045837
1741617087.081409 0.388695484 -0.816497605 0.000000000 0.000000000 0.000000000 -0.156250621 0.987717441
1741617087.181034 0.420419693 -0.813828837 0.000000000 0.000000000 0.000000000 -0.101380701 0.994847704
1741617087.380747 0.494396801 -0.794187375 0.000000000 0.000000000 0.000000000 0.027162613 0.999631028
1741617087.479342 0.508559092 -0.783211068 0.000000000 0.000000000 0.000000000 0.059704403 0.998216101
1741617087.579144 0.509577538 -0.783339311 0.000000000 0.000000000 0.000000000 0.060982618 0.998138828
1741617087.679533 0.509577538 -0.783339311 0.000000000 0.000000000 0.000000000 0.060982618 0.998138828
1741617087.780796 0.508556943 -0.783210787 0.000000000 0.000000000 0.000000000 0.067369202 0.997728115
1741617087.879782 0.509189955 -0.782913383 0.000000000 0.000000000 0.000000000 0.069982206 0.997548240
1741617087.979651 0.509577538 -0.783339311 0.000000000 0.000000000 0.000000000 0.060982618 0.998138828
1741617088.080319 0.509519167 -0.783249706 0.000000000 0.000000000 0.000000000 0.063233263 0.997998775
1741617088.179332 0.509198972 -0.783230171 0.000000000 0.000000000 0.000000000 0.066749229 0.997769783
1741617088.280107 0.512431797 -0.782143383 0.000000000 0.000000000 0.000000000 0.064801371 0.997898182
1741617088.378735 0.512431797 -0.782143383 0.000000000 0.000000000 0.000000000 0.064801371 0.997898182
1741617088.478315 0.512431797 -0.782143383 0.000000000 0.000000000 0.000000000 0.064801371 0.997898182
1741617088.580012 0.512431797 -0.782143383 0.000000000 0.000000000 0.000000000 0.064801371 0.997898182
1741617088.679291 0.512431797 -0.782143383 0.000000000 0.000000000 0.000000000 0.064801371 0.997898182
1741617088.779189 0.510769319 -0.781676707 0.000000000 0.000000000 0.000000000 0.071021113 0.997474812
1741617088.879188 0.512431797 -0.782143383 0.000000000 0.000000000 0.000000000 0.064801371 0.997898182
1741617088.979746 0.512431797 -0.782143383 0.000000000 0.000000000 0.000000000 0.064801371 0.997898182
1741617089.080478 0.512431797 -0.782143383 0.000000000 0.000000000 0.000000000 0.064801371 0.997898182
1741617089.179382 0.511728779 -0.781712132 0.000000000 0.000000000 0.000000000 0.069966488 0.997549342
1741617089.280065 0.512431797 -0.782143383 0.000000000 0.000000000 0.000000000 0.064801371 0.997898182
1741617089.380205 0.512431797 -0.782143383 0.000000000 0.000000000 0.000000000 0.064801371 0.997898182
1741617089.479186 0.512053804 -0.782035720 0.000000000 0.000000000 0.000000000 0.074680182 0.997207536
1741617089.578382 0.512431797 -0.782143383 0.000000000 0.000000000 0.000000000 0.064801371 0.997898182
1741617089.679079 0.512041045 -0.781394015 0.000000000 0.000000000 0.000000000 0.072257723 0.997385994
1741617089.779308 0.512431797 -0.782143383 0.000000000 0.000000000 0.000000000 0.064801371 0.997898182
1741617089.880346 0.512431797 -0.782143383 0.000000000 0.000000000 0.000000000 0.064801371 0.997898182
1741617089.979249 0.512431797 -0.782143383 0.000000000 0.000000000 0.000000000 0.064801371 0.997898182
1741617090.078173 0.516559132 -0.780668237 0.000000000 0.000000000 0.000000000 0.074026572 0.997256269
1741617090.180390 0.534632184 -0.771241854 0.000000000 0.000000000 0.000000000 0.099034454 0.995084005
1741617090.280315 0.562792584 -0.752397243 0.000000000 0.000000000 0.000000000 0.149816600 0.988713804
1741617090.380027 0.576570228 -0.734649820 0.000000000 0.000000000 0.000000000 0.195645499 0.980674685
1741617095.279498 0.651221770 -0.448250472 0.000000000 0.000000000 0.000000000 0.677205572 0.735793866
1741617104.879801 -0.574064079 0.295927646 0.000000000 0.000000000 0.000000000 0.748028246 0.663666892
1741617104.984711 -0.562690606 0.336311226 0.000000000 0.000000000 0.000000000 0.699217433 0.714909073
1741617105.083363 -0.549998372 0.366971362 0.000000000 0.000000000 0.000000000 0.652787354 0.757541201
1741617105.181824 -0.535273721 0.391363616 0.000000000 0.000000000 0.000000000 0.616578683 0.787293292
1741617105.281789 -0.523904086 0.409211496 0.000000000 0.000000000 0.000000000 0.585468537 0.810695129
1741617107.379270 -0.262523543 0.537671278 0.000000000 0.000000000 0.000000000 0.000000000 1.000000000
1741617107.679870 -0.051080539 0.440395615 0.000000000 0.000000000 0.000000000 0.000000000 1.000000000
1741617119.684089 0.178206642 -0.154196419 0.000000000 0.000000000 0.000000000 -0.278224122 0.960516183
1741617119.783813 0.224695112 -0.164940794 0.000000000 0.000000000 0.000000000 -0.233596670 0.972333583
1741617119.883526 0.253653280 -0.164483275 0.000000000 0.000000000 0.000000000 -0.182066430 0.983286233
1741617120.684956 0.265253998 -0.161310790 0.000000000 0.000000000 0.000000000 -0.154191152 0.988041036
1741617121.583348 0.265866670 -0.161620614 0.000000000 0.000000000 0.000000000 -0.155594225 0.987821055
1741617121.883668 0.265865015 -0.161316121 0.000000000 0.000000000 0.000000000 -0.154042830 0.988064171
1741617122.085051 0.265561301 -0.161311034 0.000000000 0.000000000 0.000000000 -0.153609041 0.988131703
1741617122.283463 0.265561301 -0.161311034 0.000000000 0.000000000 0.000000000 -0.153609041 0.988131703
1741617122.583986 0.265561301 -0.161311034 0.000000000 0.000000000 0.000000000 -0.153609041 0.988131703
1741617123.184614 0.265866670 -0.161620614 0.000000000 0.000000000 0.000000000 -0.155594225 0.987821055
1741617123.682847 0.265561301 -0.161311034 0.000000000 0.000000000 0.000000000 -0.153609041 0.988131703
1741617124.884889 0.265561301 -0.161311034 0.000000000 0.000000000 0.000000000 -0.153609041 0.988131703
1741617125.285146 0.265561301 -0.161311034 0.000000000 0.000000000 0.000000000 -0.153609041 0.988131703
1741617125.483097 0.265561301 -0.161311034 0.000000000 0.000000000 0.000000000 -0.153609041 0.988131703
1741617125.884124 0.265562956 -0.161615527 0.000000000 0.000000000 0.000000000 -0.155160542 0.987889268
1741617125.983985 0.265562956 -0.161615527 0.000000000 0.000000000 0.000000000 -0.155160542 0.987889268
1741617126.084360 0.265561301 -0.161311034 0.000000000 0.000000000 0.000000000 -0.153609041 0.988131703
1741617126.385457 0.265865015 -0.161316121 0.000000000 0.000000000 0.000000000 -0.154042830 0.988064171
1741617127.283892 0.265865015 -0.161316121 0.000000000 0.000000000 0.000000000 -0.154042830 0.988064171
1741617127.584742 0.265561301 -0.161311034 0.000000000 0.000000000 0.000000000 -0.153609041 0.988131703
1741617127.884497 0.265561301 -0.161311034 0.000000000 0.000000000 0.000000000 -0.153609041 0.988131703
1741617128.485890 0.265561301 -0.161311034 0.000000000 0.000000000 0.000000000 -0.153609041 0.988131703
1741617128.884192 0.265866670 -0.161620614 0.000000000 0.000000000 0.000000000 -0.155594225 0.987821055
1741617129.283760 0.265561301 -0.161311034 0.000000000 0.000000000 0.000000000 -0.153609041 0.988131703
