Var1 Var2 Var3 Var4 Var5 Var6 Var7 Var8
1741615444.72366 1.4602326975 -0.5088983568 0 0 0 -0.0786706 0.996900665
1741615444.82388 1.4403990855 -0.5066442888 0 0 0 -0.087002857 0.996208062
1741615444.92404 1.428589083 -0.505294036 0 0 0 -0.093006908 0.995665463
1741615445.02413 1.424336679 -0.5039458256 0 0 0 -0.0898917 0.995951546
1741615445.12377 1.424272872 -0.5048373104 0 0 0 -0.096537678 0.995329331
1741615445.22377 1.4247091845 -0.504610788 0 0 0 -0.092509879 0.995711767
1741615445.32368 1.424388228 -0.5046205104 0 0 0 -0.091466162 0.995808185
1741615445.42502 1.424388228 -0.5046205104 0 0 0 -0.091466162 0.995808185
1741615445.52371 1.423440972 -0.5046135584 0 0 0 -0.094879241 0.995488789
1741615445.82438 1.3508681715 -0.4945588912 0 0 0 -0.116102355 0.993237254
1741615446.22449 1.203414954 -0.4648584152 0 0 0 -0.185388307 0.982665343
1741615446.32392 1.188045633 -0.461545452 0 0 0 -0.193108533 0.981177402
1741615447.2234 1.172271264 -0.4580091768 0 0 0 -0.194235771 0.980954874
1741615447.72386 1.172271264 -0.4580091768 0 0 0 -0.194235771 0.980954874
1741615447.82483 1.172271264 -0.4580091768 0 0 0 -0.194235771 0.980954874
1741615448.2247 1.172271264 -0.4580091768 0 0 0 -0.194235771 0.980954874
1741615448.32428 1.171817655 -0.4584571784 0 0 0 -0.190730082 0.981642519
1741615448.42373 1.171817655 -0.4584571784 0 0 0 -0.190730082 0.981642519
1741615448.52366 1.171817655 -0.4584571784 0 0 0 -0.190730082 0.981642519
1741615449.42302 1.1573986605 -0.4596016776 0 0 0 -0.17414683 0.984719697
1741615449.52498 1.1573986605 -0.4596016776 0 0 0 -0.17414683 0.984719697
1741615449.72481 1.1573986605 -0.4596016776 0 0 0 -0.17414683 0.984719697
1741615449.82394 1.1573986605 -0.4596016776 0 0 0 -0.17414683 0.984719697
1741615449.92525 1.1573986605 -0.4596016776 0 0 0 -0.17414683 0.984719697
1741615450.02407 1.151479908 -0.459836076 0 0 0 -0.166719699 0.986004332
1741615458.41771 0.2847301665 -0.351171652 0 0 0 -0.281947622 0.959429799
1741615458.51633 0.280883115 -0.3498147448 0 0 0 -0.285468614 0.958388059
1741615458.61529 0.2808941925 -0.3495872424 0 0 0 -0.284186427 0.958769041
1741615458.71642 0.2808941925 -0.3495872424 0 0 0 -0.284186427 0.958769041
1741615458.81693 0.281776785 -0.3491263336 0 0 0 -0.290745074 0.956800555
1741615458.91722 0.279257844 -0.3479962616 0 0 0 -0.290360148 0.956917439
1741615459.01585 0.282642744 -0.3491247296 0 0 0 -0.290751594 0.956798574
1741615459.11636 0.282642744 -0.3491247296 0 0 0 -0.290751594 0.956798574
1741615459.21553 0.279257844 -0.3479962616 0 0 0 -0.290360148 0.956917439
1741615459.31662 0.2822066385 -0.34912514 0 0 0 -0.289996395 0.957027738
1741615459.41651 0.279257844 -0.3479962616 0 0 0 -0.290360148 0.956917439
1741615459.51648 0.281776785 -0.3491263336 0 0 0 -0.290745074 0.956800555
1741615459.61554 0.282642744 -0.3491247296 0 0 0 -0.290751594 0.956798574
1741615459.71592 0.282642744 -0.3491247296 0 0 0 -0.290751594 0.956798574
1741615459.81601 0.2792661285 -0.3477656896 0 0 0 -0.291725167 0.956502184
1741615459.91581 0.278821737 -0.347996672 0 0 0 -0.289561586 0.957159385
1741615460.11692 0.282642744 -0.3491247296 0 0 0 -0.290751594 0.956798574
1741615460.21636 0.2822066385 -0.34912514 0 0 0 -0.289996395 0.957027738
1741615460.31758 0.282642744 -0.3491247296 0 0 0 -0.290751594 0.956798574
1741615460.51895 0.282642744 -0.3491247296 0 0 0 -0.290751594 0.956798574
1741615460.61825 0.281776785 -0.3491263336 0 0 0 -0.290745074 0.956800555
1741615460.71724 0.282642744 -0.3491247296 0 0 0 -0.290751594 0.956798574
1741615460.81607 0.2788300575 -0.3477660776 0 0 0 -0.290921975 0.956746782
1741615460.91637 0.282642744 -0.3491247296 0 0 0 -0.290751594 0.956798574
1741615461.01623 0.279257844 -0.3479962616 0 0 0 -0.290360148 0.956917439
1741615461.11612 0.282642744 -0.3491247296 0 0 0 -0.290751594 0.956798574
1741615461.21674 0.282642744 -0.3491247296 0 0 0 -0.290751594 0.956798574
1741615461.31673 0.2826316485 -0.3493522048 0 0 0 -0.292025441 0.956410551
1741615461.4159 0.282642744 -0.3491247296 0 0 0 -0.290751594 0.956798574
1741615461.6164 0.282642744 -0.3491247296 0 0 0 -0.290751594 0.956798574
1741615461.71564 0.2788300575 -0.3477660776 0 0 0 -0.290921975 0.956746782
1741615461.81605 0.282642744 -0.3491247296 0 0 0 -0.290751594 0.956798574
1741615461.91654 0.281785104 -0.3488957392 0 0 0 -0.292031129 0.956408814
1741615462.01619 0.282642744 -0.3491247296 0 0 0 -0.290751594 0.956798574
1741615462.11657 0.282642744 -0.3491247296 0 0 0 -0.290751594 0.956798574
1741615462.21627 0.282642744 -0.3491247296 0 0 0 -0.290751594 0.956798574
1741615462.31635 0.282642744 -0.3491247296 0 0 0 -0.290751594 0.956798574
1741615462.41597 0.282642744 -0.3491247296 0 0 0 -0.290751594 0.956798574
1741615462.51634 0.2826316485 -0.3493522048 0 0 0 -0.292025441 0.956410551
1741615462.61663 0.282642744 -0.3491247296 0 0 0 -0.290751594 0.956798574
1741615462.71532 0.282642744 -0.3491247296 0 0 0 -0.290751594 0.956798574
1741615462.81667 0.282642744 -0.3491247296 0 0 0 -0.290751594 0.956798574
1741615462.91559 0.282642744 -0.3491247296 0 0 0 -0.290751594 0.956798574
1741615463.01529 0.2822211765 -0.3488953512 0 0 0 -0.292798277 0.956174236
1741615463.1171 0.282642744 -0.3491247296 0 0 0 -0.290751594 0.956798574
1741615463.21645 0.282642744 -0.3491247296 0 0 0 -0.290751594 0.956798574
1741615463.31652 0.282642744 -0.3491247296 0 0 0 -0.290751594 0.956798574
1741615463.41612 0.282642744 -0.3491247296 0 0 0 -0.290751594 0.956798574
1741615463.5167 0.282642744 -0.3491247296 0 0 0 -0.290751594 0.956798574
1741615463.61667 0.282642744 -0.3491247296 0 0 0 -0.290751594 0.956798574
1741615463.7163 0.282642744 -0.3491247296 0 0 0 -0.290751594 0.956798574
1741615463.81641 0.282642744 -0.3491247296 0 0 0 -0.290751594 0.956798574
1741615464.11648 0.282642744 -0.3491247296 0 0 0 -0.290751594 0.956798574
1741615464.21605 0.282642744 -0.3491247296 0 0 0 -0.290751594 0.956798574
1741615464.31686 0.282642744 -0.3491247296 0 0 0 -0.290751594 0.956798574
1741615464.41599 0.2826316485 -0.3493522048 0 0 0 -0.292025441 0.956410551
1741615464.51631 0.282642744 -0.3491247296 0 0 0 -0.290751594 0.956798574
1741615464.61659 0.282642744 -0.3491247296 0 0 0 -0.290751594 0.956798574
1741615464.71643 0.2826316485 -0.3493522048 0 0 0 -0.292025441 0.956410551
1741615464.81601 0.2826316485 -0.3493522048 0 0 0 -0.292025441 0.956410551
1741615464.91576 0.2822066385 -0.34912514 0 0 0 -0.289996395 0.957027738
1741615465.01702 0.282642744 -0.3491247296 0 0 0 -0.290751594 0.956798574
1741615465.11654 0.281785104 -0.3488957392 0 0 0 -0.292031129 0.956408814
1741615465.21694 0.282642744 -0.3491247296 0 0 0 -0.290751594 0.956798574
1741615465.31627 0.281776785 -0.3491263336 0 0 0 -0.290745074 0.956800555
1741615465.41645 0.282642744 -0.3491247296 0 0 0 -0.290751594 0.956798574
1741615465.51696 0.282642744 -0.3491247296 0 0 0 -0.290751594 0.956798574
1741615465.61648 0.282642744 -0.3491247296 0 0 0 -0.290751594 0.956798574
1741615465.71588 0.282642744 -0.3491247296 0 0 0 -0.290751594 0.956798574
1741615465.81527 0.282642744 -0.3491247296 0 0 0 -0.290751594 0.956798574
1741615466.0155 0.282642744 -0.3491247296 0 0 0 -0.290751594 0.956798574
1741615466.11583 0.282642744 -0.3491247296 0 0 0 -0.290751594 0.956798574
1741615466.21563 0.282642744 -0.3491247296 0 0 0 -0.290751594 0.956798574
1741615466.31659 0.282642744 -0.3491247296 0 0 0 -0.290751594 0.956798574
1741615466.41623 0.279257844 -0.3479962616 0 0 0 -0.290360148 0.956917439
1741615466.51604 0.282642744 -0.3491247296 0 0 0 -0.290751594 0.956798574
1741615466.61765 0.282642744 -0.3491247296 0 0 0 -0.290751594 0.956798574
1741615466.71781 0.282642744 -0.3491247296 0 0 0 -0.290751594 0.956798574
1741615466.8168 0.281776785 -0.3491263336 0 0 0 -0.290745074 0.956800555
1741615466.91571 0.2822211765 -0.3488953512 0 0 0 -0.292798277 0.956174236
1741615467.01532 0.282642744 -0.3491247296 0 0 0 -0.290751594 0.956798574
1741615467.11634 0.282642744 -0.3491247296 0 0 0 -0.290751594 0.956798574
1741615467.3157 0.282642744 -0.3491247296 0 0 0 -0.290751594 0.956798574
1741615467.41641 0.2826316485 -0.3493522048 0 0 0 -0.292025441 0.956410551
1741615467.51626 0.282642744 -0.3491247296 0 0 0 -0.290751594 0.956798574
1741615467.61575 0.282642744 -0.3491247296 0 0 0 -0.290751594 0.956798574
1741615467.71638 0.282642744 -0.3491247296 0 0 0 -0.290751594 0.956798574
1741615467.81594 0.282642744 -0.3491247296 0 0 0 -0.290751594 0.956798574
1741615467.91709 0.2822211765 -0.3488953512 0 0 0 -0.292798277 0.956174236
1741615468.01612 0.282642744 -0.3491247296 0 0 0 -0.290751594 0.956798574
1741615468.11527 0.281776785 -0.3491263336 0 0 0 -0.290745074 0.956800555
1741615468.21635 0.281776785 -0.3491263336 0 0 0 -0.290745074 0.956800555
1741615468.3173 0.282642744 -0.3491247296 0 0 0 -0.290751594 0.956798574
1741615468.41627 0.282642744 -0.3491247296 0 0 0 -0.290751594 0.956798574
1741615468.51684 0.282642744 -0.3491247296 0 0 0 -0.290751594 0.956798574
1741615468.618 0.281776785 -0.3491263336 0 0 0 -0.290745074 0.956800555
1741615468.71654 0.282642744 -0.3491247296 0 0 0 -0.290751594 0.956798574
1741615468.81583 0.282642744 -0.3491247296 0 0 0 -0.290751594 0.956798574
1741615468.91623 0.282642744 -0.3491247296 0 0 0 -0.290751594 0.956798574
1741615469.01676 0.282642744 -0.3491247296 0 0 0 -0.290751594 0.956798574
1741615469.31697 0.282642744 -0.3491247296 0 0 0 -0.290751594 0.956798574
1741615469.41687 0.281776785 -0.3491263336 0 0 0 -0.290745074 0.956800555
1741615469.51602 0.282642744 -0.3491247296 0 0 0 -0.290751594 0.956798574
1741615469.61656 0.282642744 -0.3491247296 0 0 0 -0.290751594 0.956798574
1741615469.716 0.2826316485 -0.3493522048 0 0 0 -0.292025441 0.956410551
1741615469.81664 0.279257844 -0.3479962616 0 0 0 -0.290360148 0.956917439
1741615469.91599 0.282642744 -0.3491247296 0 0 0 -0.290751594 0.956798574
1741615470.11596 0.279257844 -0.3479962616 0 0 0 -0.290360148 0.956917439
1741615470.217 0.282642744 -0.3491247296 0 0 0 -0.290751594 0.956798574
1741615470.3156 0.282642744 -0.3491247296 0 0 0 -0.290751594 0.956798574
1741615470.41625 0.282642744 -0.3491247296 0 0 0 -0.290751594 0.956798574
1741615470.51647 0.282642744 -0.3491247296 0 0 0 -0.290751594 0.956798574
1741615470.61666 0.2822066385 -0.34912514 0 0 0 -0.289996395 0.957027738
1741615470.71645 0.282642744 -0.3491247296 0 0 0 -0.290751594 0.956798574
1741615470.81629 0.282642744 -0.3491247296 0 0 0 -0.290751594 0.956798574
1741615470.91638 0.282642744 -0.3491247296 0 0 0 -0.290751594 0.956798574
1741615471.01665 0.2826316485 -0.3493522048 0 0 0 -0.292025441 0.956410551
1741615471.11528 0.282642744 -0.3491247296 0 0 0 -0.290751594 0.956798574
1741615471.21654 0.282642744 -0.3491247296 0 0 0 -0.290751594 0.956798574
1741615471.3158 0.282642744 -0.3491247296 0 0 0 -0.290751594 0.956798574
1741615471.41944 0.2822211765 -0.3488953512 0 0 0 -0.292798277 0.956174236
1741615471.51997 0.2826316485 -0.3493522048 0 0 0 -0.292025441 0.956410551
1741615471.7193 0.282642744 -0.3491247296 0 0 0 -0.290751594 0.956798574
1741615471.91829 0.282642744 -0.3491247296 0 0 0 -0.290751594 0.956798574
1741615472.01705 0.282642744 -0.3491247296 0 0 0 -0.290751594 0.956798574
1741615472.11603 0.282642744 -0.3491247296 0 0 0 -0.290751594 0.956798574
1741615472.32422 0.282642744 -0.3491247296 0 0 0 -0.290751594 0.956798574
1741615472.42342 0.282642744 -0.3491247296 0 0 0 -0.290751594 0.956798574
1741615472.52222 0.282642744 -0.3491247296 0 0 0 -0.290751594 0.956798574
1741615472.62103 0.282642744 -0.3491247296 0 0 0 -0.290751594 0.956798574
1741615472.71999 0.2826316485 -0.3493522048 0 0 0 -0.292025441 0.956410551
1741615472.81966 0.2826316485 -0.3493522048 0 0 0 -0.292025441 0.956410551
1741615472.919 0.282642744 -0.3491247296 0 0 0 -0.290751594 0.956798574
1741615473.01879 0.282642744 -0.3491247296 0 0 0 -0.290751594 0.956798574
1741615473.11805 0.282642744 -0.3491247296 0 0 0 -0.290751594 0.956798574
1741615473.21659 0.282642744 -0.3491247296 0 0 0 -0.290751594 0.956798574
1741615473.31744 0.282642744 -0.3491247296 0 0 0 -0.290751594 0.956798574
1741615473.41651 0.282642744 -0.3491247296 0 0 0 -0.290751594 0.956798574
1741615473.61671 0.282642744 -0.3491247296 0 0 0 -0.290751594 0.956798574
1741615473.71662 0.282642744 -0.3491247296 0 0 0 -0.290751594 0.956798574
1741615473.81622 0.2822211765 -0.3488953512 0 0 0 -0.292798277 0.956174236
1741615473.91549 0.282642744 -0.3491247296 0 0 0 -0.290751594 0.956798574
1741615474.01614 0.2826316485 -0.3493522048 0 0 0 -0.292025441 0.956410551
1741615474.11627 0.282642744 -0.3491247296 0 0 0 -0.290751594 0.956798574
1741615474.3153 0.282642744 -0.3491247296 0 0 0 -0.290751594 0.956798574
1741615474.41581 0.282642744 -0.3491247296 0 0 0 -0.290751594 0.956798574
1741615474.51555 0.282642744 -0.3491247296 0 0 0 -0.290751594 0.956798574
1741615474.61619 0.281776785 -0.3491263336 0 0 0 -0.290745074 0.956800555
1741615474.71651 0.278832693 -0.347769 0 0 0 -0.288204423 0.957568907
1741615474.8159 0.282642744 -0.3491247296 0 0 0 -0.290751594 0.956798574
1741615474.91582 0.281785104 -0.3488957392 0 0 0 -0.292031129 0.956408814
1741615475.02591 0.282642744 -0.3491247296 0 0 0 -0.290751594 0.956798574
1741615475.13447 0.282642744 -0.3491247296 0 0 0 -0.290751594 0.956798574
1741615475.23932 0.282642744 -0.3491247296 0 0 0 -0.290751594 0.956798574
1741615475.45255 0.282642744 -0.3491247296 0 0 0 -0.290751594 0.956798574
1741615475.57189 0.282642744 -0.3491247296 0 0 0 -0.290751594 0.956798574
1741615475.67301 0.282642744 -0.3491247296 0 0 0 -0.290751594 0.956798574
1741615475.77229 0.281776785 -0.3491263336 0 0 0 -0.290745074 0.956800555
1741615475.87164 0.282642744 -0.3491247296 0 0 0 -0.290751594 0.956798574
1741615475.97069 0.279257844 -0.3479962616 0 0 0 -0.290360148 0.956917439
1741615476.0705 0.282642744 -0.3491247296 0 0 0 -0.290751594 0.956798574
1741615476.1692 0.278832693 -0.347769 0 0 0 -0.288204423 0.957568907
1741615476.57056 0.282642744 -0.3491247296 0 0 0 -0.290751594 0.956798574
1741615476.66947 0.282642744 -0.3491247296 0 0 0 -0.290751594 0.956798574
1741615476.76985 0.282642744 -0.3491247296 0 0 0 -0.290751594 0.956798574
1741615476.86885 0.282642744 -0.3491247296 0 0 0 -0.290751594 0.956798574
1741615476.96761 0.282642744 -0.3491247296 0 0 0 -0.290751594 0.956798574
1741615477.1655 0.282642744 -0.3491247296 0 0 0 -0.290751594 0.956798574
1741615477.26446 0.282642744 -0.3491247296 0 0 0 -0.290751594 0.956798574
1741615477.36298 0.282642744 -0.3491247296 0 0 0 -0.290751594 0.956798574
1741615477.46146 0.282642744 -0.3491247296 0 0 0 -0.290751594 0.956798574
1741615477.56014 0.2826316485 -0.3493522048 0 0 0 -0.292025441 0.956410551
1741615477.65988 0.282642744 -0.3491247296 0 0 0 -0.290751594 0.956798574
1741615477.75976 0.282642744 -0.3491247296 0 0 0 -0.290751594 0.956798574
1741615477.85905 0.281776785 -0.3491263336 0 0 0 -0.290745074 0.956800555
1741615477.95822 0.2826316485 -0.3493522048 0 0 0 -0.292025441 0.956410551
1741615478.05669 0.282642744 -0.3491247296 0 0 0 -0.290751594 0.956798574
1741615478.15584 0.2822211765 -0.3488953512 0 0 0 -0.292798277 0.956174236
1741615478.2553 0.282642744 -0.3491247296 0 0 0 -0.290751594 0.956798574
1741615478.35452 0.2826316485 -0.3493522048 0 0 0 -0.292025441 0.956410551
1741615478.45441 0.2822211765 -0.3488953512 0 0 0 -0.292798277 0.956174236
1741615478.5535 0.2826316485 -0.3493522048 0 0 0 -0.292025441 0.956410551
1741615478.65507 0.277137597 -0.3468613944 0 0 0 -0.297139263 0.954834152
1741615478.85317 0.267904533 -0.338899144 0 0 0 -0.31839639 0.947957667
1741615478.95381 0.2556329925 -0.3307067728 0 0 0 -0.339490361 0.940609534
1741615479.05392 0.242151408 -0.3195303296 0 0 0 -0.360193437 0.932877638
1741615479.15962 0.2303157675 -0.309929172 0 0 0 -0.386704422 0.922203714
1741615479.25992 0.2311903335 -0.30992914 0 0 0 -0.388753934 0.921341619
1741615479.36381 0.2307732405 -0.309236808 0 0 0 -0.390840051 0.920458611
1741615479.46371 0.231202329 -0.3094685416 0 0 0 -0.390740931 0.920500692
1741615479.56286 0.2311903335 -0.30992914 0 0 0 -0.388753934 0.921341619
1741615479.66205 0.231202329 -0.3094685416 0 0 0 -0.390740931 0.920500692
1741615479.76614 0.231202329 -0.3094685416 0 0 0 -0.390740931 0.920500692
1741615479.86622 0.231202329 -0.3094685416 0 0 0 -0.390740931 0.920500692
1741615479.96515 0.231202329 -0.3094685416 0 0 0 -0.390740931 0.920500692
1741615480.06397 0.231210501 -0.3092368072 0 0 0 -0.391868945 0.920021049
1741615480.16482 0.231210501 -0.3092368072 0 0 0 -0.391868945 0.920021049
1741615480.36384 0.2252695725 -0.3051263168 0 0 0 -0.400584659 0.916259751
1741615480.56356 0.20717268 -0.2872486456 0 0 0 -0.441298403 0.897360418
1741615480.66313 0.2014016475 -0.2771220008 0 0 0 -0.461565488 0.887106138
1741615481.85556 0.20142378 -0.2764319448 0 0 0 -0.464782422 0.885424926
1741615483.04542 0.1953370845 -0.2757522096 0 0 0 -0.448934855 0.893564489
1741615483.34302 0.152875389 -0.2647332576 0 0 0 -0.395394626 0.918511344
1741615483.83892 0.154179138 -0.2649633768 0 0 0 -0.397569091 0.917572241
1741615485.62284 0.097826115 -0.2453258624 0 0 0 0 1
1741615501.67997 -0.716420946 0.1486345888 0 0 0 -0.699652943 0.714482862
1741615501.78003 -0.7015534905 0.1754334672 0 0 0 -0.742716578 0.669605917
1741615501.87983 -0.68378256 0.1968088176 0 0 0 -0.769690772 0.638416882
1741615501.97976 -0.6658881765 0.2129976032 0 0 0 -0.793390111 0.608713505
1741615502.07949 -0.650248656 0.2259990152 0 0 0 -0.808566597 0.588404672
1741615502.17976 -0.6391913115 0.2340867216 0 0 0 -0.82118701 0.570659176
1741615502.27912 -0.6327448125 0.239242508 0 0 0 -0.825294841 0.564702069
1741615502.37762 -0.629508189 0.240943744 0 0 0 -0.830994428 0.556280739
1741615502.47639 -0.6304446795 0.2414546656 0 0 0 -0.828426712 0.560097477
1741615502.57465 -0.6304295475 0.2404581944 0 0 0 -0.828415195 0.56011451
1741615502.67361 -0.6304295475 0.2404581944 0 0 0 -0.828415195 0.56011451
1741615502.77242 -0.6304295475 0.2404581944 0 0 0 -0.828415195 0.56011451
1741615502.87153 -0.63042705 0.2402121912 0 0 0 -0.828046307 0.560659713
1741615502.97032 -0.6304295475 0.2404581944 0 0 0 -0.828415195 0.56011451
1741615503.06935 -0.6304295475 0.2404581944 0 0 0 -0.828415195 0.56011451
1741615503.16819 -0.6304295475 0.2404581944 0 0 0 -0.828415195 0.56011451
1741615503.26689 -0.63042705 0.2402121912 0 0 0 -0.828046307 0.560659713
1741615503.3664 -0.6304295475 0.2404581944 0 0 0 -0.828415195 0.56011451
1741615503.46483 -0.630433215 0.2404611192 0 0 0 -0.828418814 0.560109158
1741615503.56398 -0.6244440915 0.244867196 0 0 0 -0.835250894 0.549869024
1741615503.66268 -0.611980539 0.253444412 0 0 0 -0.844391801 0.53572613
1741615503.76235 -0.587462244 0.2668722104 0 0 0 -0.860704573 0.509104742
1741615503.86191 -0.5541315765 0.2849426776 0 0 0 0.881244457 -0.472660774
1741615503.96178 -0.510101289 0.3043904736 0 0 0 0.905888259 -0.42351678
1741615504.35666 -0.362232576 0.3365146312 0 0 0 0.968078076 -0.250648837
1741615504.45497 -0.3423374145 0.3382600152 0 0 0 0.972853218 -0.231423026
1741615504.55367 -0.3289254825 0.3390841912 0 0 0 0.975867074 -0.218365413
1741615504.65173 -0.322444695 0.3399937624 0 0 0 0.977554754 -0.210681521
1741615504.75282 -0.321987108 0.3399882184 0 0 0 0.977712198 -0.209949656
1741615504.85319 -0.32337141 0.3400079232 0 0 0 0.977236631 -0.212152228
1741615504.95313 -0.32337141 0.3400079232 0 0 0 0.977236631 -0.212152228
1741615505.05177 -0.32337141 0.3400079232 0 0 0 0.977236631 -0.212152228
1741615505.15039 -0.32337141 0.3400079232 0 0 0 0.977236631 -0.212152228
1741615505.24886 -0.32337141 0.3400079232 0 0 0 0.977236631 -0.212152228
1741615505.34765 -0.32337141 0.3400079232 0 0 0 0.977236631 -0.212152228
1741615505.44702 -0.322913823 0.3400023792 0 0 0 0.977395176 -0.2114206
1741615505.54544 -0.32337141 0.3400079232 0 0 0 0.977236631 -0.212152228
1741615505.64558 -0.32337141 0.3400079232 0 0 0 0.977236631 -0.212152228
1741615505.74422 -0.32337141 0.3400079232 0 0 0 0.977236631 -0.212152228
1741615505.84384 -0.32337141 0.3400079232 0 0 0 0.977236631 -0.212152228
1741615505.94223 -0.32337141 0.3400079232 0 0 0 0.977236631 -0.212152228
1741615506.0421 -0.32337141 0.3400079232 0 0 0 0.977236631 -0.212152228
1741615506.14095 -0.32337141 0.3400079232 0 0 0 0.977236631 -0.212152228
1741615506.23948 -0.32337141 0.3400079232 0 0 0 0.977236631 -0.212152228
1741615506.33993 -0.32337141 0.3400079232 0 0 0 0.977236631 -0.212152228
1741615506.43827 -0.32337141 0.3400079232 0 0 0 0.977236631 -0.212152228
1741615506.53694 -0.322913823 0.3400023792 0 0 0 0.977395176 -0.2114206
1741615506.63627 -0.32337141 0.3400079232 0 0 0 0.977236631 -0.212152228
1741615506.73522 -0.32337141 0.3400079232 0 0 0 0.977236631 -0.212152228
1741615506.83487 -0.32337141 0.3400079232 0 0 0 0.977236631 -0.212152228
1741615506.93376 -0.32337141 0.3400079232 0 0 0 0.977236631 -0.212152228
1741615507.03231 -0.32337141 0.3400079232 0 0 0 0.977236631 -0.212152228
1741615507.13091 -0.32337141 0.3400079232 0 0 0 0.977236631 -0.212152228
1741615507.22964 -0.32337141 0.3400079232 0 0 0 0.977236631 -0.212152228
1741615507.32805 -0.32337141 0.3400079232 0 0 0 0.977236631 -0.212152228
1741615507.42755 -0.32337141 0.3400079232 0 0 0 0.977236631 -0.212152228
1741615507.52635 -0.32337141 0.3400079232 0 0 0 0.977236631 -0.212152228
1741615507.62564 -0.32337141 0.3400079232 0 0 0 0.977236631 -0.212152228
1741615507.7245 -0.32337141 0.3400079232 0 0 0 0.977236631 -0.212152228
1741615507.82399 -0.32337141 0.3400079232 0 0 0 0.977236631 -0.212152228
1741615507.92256 -0.32337141 0.3400079232 0 0 0 0.977236631 -0.212152228
1741615508.02138 -0.32337141 0.3400079232 0 0 0 0.977236631 -0.212152228
1741615508.12048 -0.32337141 0.3400079232 0 0 0 0.977236631 -0.212152228
1741615508.21926 -0.32337141 0.3400079232 0 0 0 0.977236631 -0.212152228
1741615508.31772 -0.32337141 0.3400079232 0 0 0 0.977236631 -0.212152228
1741615508.41655 -0.3238338585 0.3402681016 0 0 0 0.976728356 -0.214480112
1741615508.51614 -0.32337141 0.3400079232 0 0 0 0.977236631 -0.212152228
1741615508.61629 -0.32337141 0.3400079232 0 0 0 0.977236631 -0.212152228
1741615508.71628 -0.3238338585 0.3402681016 0 0 0 0.976728356 -0.214480112
1741615508.82207 -0.3238338585 0.3402681016 0 0 0 0.976728356 -0.214480112
1741615508.92108 -0.3238338585 0.3402681016 0 0 0 0.976728356 -0.214480112
1741615509.02083 -0.32337141 0.3400079232 0 0 0 0.977236631 -0.212152228
1741615509.12019 -0.3238338585 0.3402681016 0 0 0 0.976728356 -0.214480112
1741615509.21876 -0.3238338585 0.3402681016 0 0 0 0.976728356 -0.214480112
1741615509.31755 -0.3238338585 0.3402681016 0 0 0 0.976728356 -0.214480112
1741615509.41631 -0.3238338585 0.3402681016 0 0 0 0.976728356 -0.214480112
1741615509.51683 -0.3238338585 0.3402681016 0 0 0 0.976728356 -0.214480112
1741615509.61559 -0.3238338585 0.3402681016 0 0 0 0.976728356 -0.214480112
1741615509.71638 -0.3238338585 0.3402681016 0 0 0 0.976728356 -0.214480112
1741615509.81762 -0.3238338585 0.3402681016 0 0 0 0.976728356 -0.214480112
1741615509.91869 -0.3238338585 0.3402681016 0 0 0 0.976728356 -0.214480112
1741615510.01768 -0.3238338585 0.3402681016 0 0 0 0.976728356 -0.214480112
1741615510.11663 -0.3238338585 0.3402681016 0 0 0 0.976728356 -0.214480112
1741615510.21588 -0.3238338585 0.3402681016 0 0 0 0.976728356 -0.214480112
1741615510.3171 -0.3238338585 0.3402681016 0 0 0 0.976728356 -0.214480112
1741615510.41616 -0.3238338585 0.3402681016 0 0 0 0.976728356 -0.214480112
1741615510.51661 -0.3238338585 0.3402681016 0 0 0 0.976728356 -0.214480112
1741615510.61672 -0.3238338585 0.3402681016 0 0 0 0.976728356 -0.214480112
1741615510.7161 -0.3238338585 0.3402681016 0 0 0 0.976728356 -0.214480112
1741615510.8166 -0.3243008655 0.3402749088 0 0 0 0.976894971 -0.213719949
1741615510.91537 -0.32337141 0.3400079232 0 0 0 0.977236631 -0.212152228
1741615511.01705 -0.3238338585 0.3402681016 0 0 0 0.976728356 -0.214480112
1741615511.11647 -0.3238338585 0.3402681016 0 0 0 0.976728356 -0.214480112
1741615511.21643 -0.3238338585 0.3402681016 0 0 0 0.976728356 -0.214480112
1741615511.31664 -0.3238338585 0.3402681016 0 0 0 0.976728356 -0.214480112
1741615511.41597 -0.3238338585 0.3402681016 0 0 0 0.976728356 -0.214480112
1741615511.51653 -0.3238338585 0.3402681016 0 0 0 0.976728356 -0.214480112
1741615511.61619 -0.3238338585 0.3402681016 0 0 0 0.976728356 -0.214480112
1741615511.71649 -0.3238338585 0.3402681016 0 0 0 0.976728356 -0.214480112
1741615511.81641 -0.3238338585 0.3402681016 0 0 0 0.976728356 -0.214480112
1741615511.91612 -0.3238338585 0.3402681016 0 0 0 0.976728356 -0.214480112
1741615512.01697 -0.3238338585 0.3402681016 0 0 0 0.976728356 -0.214480112
1741615512.11569 -0.3238338585 0.3402681016 0 0 0 0.976728356 -0.214480112
1741615512.21638 -0.3238338585 0.3402681016 0 0 0 0.976728356 -0.214480112
1741615512.31693 -0.3243008655 0.3402749088 0 0 0 0.976894971 -0.213719949
1741615512.41601 -0.3238338585 0.3402681016 0 0 0 0.976728356 -0.214480112
1741615512.51665 -0.32285454 0.3394628456 0 0 0 0.973855805 -0.227167056
1741615512.61606 -0.3238338585 0.3402681016 0 0 0 0.976728356 -0.214480112
1741615512.71605 -0.322393308 0.3402066984 0 0 0 0.975586056 -0.2196175
1741615512.81621 -0.3238338585 0.3402681016 0 0 0 0.976728356 -0.214480112
1741615512.91602 -0.3243008655 0.3402749088 0 0 0 0.976894971 -0.213719949
1741615513.0161 -0.3238338585 0.3402681016 0 0 0 0.976728356 -0.214480112
1741615513.11685 -0.32337141 0.3400079232 0 0 0 0.977236631 -0.212152228
1741615513.21658 -0.3238338585 0.3402681016 0 0 0 0.976728356 -0.214480112
1741615513.31653 -0.3238338585 0.3402681016 0 0 0 0.976728356 -0.214480112
1741615513.41686 -0.3238338585 0.3402681016 0 0 0 0.976728356 -0.214480112
1741615513.51568 -0.32337141 0.3400079232 0 0 0 0.977236631 -0.212152228
1741615513.61625 -0.3238338585 0.3402681016 0 0 0 0.976728356 -0.214480112
1741615513.71689 -0.3238338585 0.3402681016 0 0 0 0.976728356 -0.214480112
1741615513.81593 -0.32337141 0.3400079232 0 0 0 0.977236631 -0.212152228
1741615513.91589 -0.3238338585 0.3402681016 0 0 0 0.976728356 -0.214480112
1741615514.01665 -0.3238338585 0.3402681016 0 0 0 0.976728356 -0.214480112
1741615514.11689 -0.3238338585 0.3402681016 0 0 0 0.976728356 -0.214480112
1741615514.21692 -0.3210677715 0.3412366632 0 0 0 0.976041995 -0.217582221
1741615514.41594 -0.2803804725 0.3509570288 0 0 0 0.978407547 -0.206684957
1741615514.51561 -0.2402013675 0.3599378368 0 0 0 0.979862073 -0.199675534
1741615514.6161 -0.190766433 0.3737845328 0 0 0 0.97871524 -0.205222997
1741615514.71587 -0.133602219 0.3862852208 0 0 0 0.980932839 -0.194347023
1741615514.81677 -0.082957839 0.3966206184 0 0 0 0.982443101 -0.186562464
1741615514.97697 -0.0176717655 0.40950966 0 0 0 0.984972703 -0.172710088
1741615515.07668 0.014466318 0.4150841352 0 0 0 0.985529122 -0.169506194
1741615515.17538 0.038788842 0.420013692 0 0 0 0.986663434 -0.162773671
1741615515.27645 0.058970751 0.4232403096 0 0 0 0.986661986 -0.162782446
1741615515.37589 0.072259713 0.4258168696 0 0 0 0.987198846 -0.159494324
1741615515.47509 0.0796091415 0.4274666264 0 0 0 0.987308637 -0.158813272
1741615515.57436 0.0828015825 0.4276754768 0 0 0 0.987292582 -0.158913049
1741615515.67404 0.0827944515 0.4274219512 0 0 0 0.98756165 -0.157232275
1741615515.77244 0.0827944515 0.4274219512 0 0 0 0.98756165 -0.157232275
1741615516.17378 0.0823376895 0.4274291344 0 0 0 0.987478305 -0.157754864
1741615516.27389 0.0823376895 0.4274291344 0 0 0 0.987478305 -0.157754864
1741615516.37379 0.0823376895 0.4274291344 0 0 0 0.987478305 -0.157754864
1741615516.47364 0.0827944515 0.4274219512 0 0 0 0.98756165 -0.157232275
1741615516.57506 0.0823376895 0.4274291344 0 0 0 0.987478305 -0.157754864
1741615516.67332 0.0827944515 0.4274219512 0 0 0 0.98756165 -0.157232275
1741615516.77384 0.0827944515 0.4274219512 0 0 0 0.98756165 -0.157232275
1741615516.87528 0.0827944515 0.4274219512 0 0 0 0.98756165 -0.157232275
1741615516.97777 0.0827944515 0.4274219512 0 0 0 0.98756165 -0.157232275
1741615517.07701 0.0823376895 0.4274291344 0 0 0 0.987478305 -0.157754864
1741615517.17714 0.0823376895 0.4274291344 0 0 0 0.987478305 -0.157754864
1741615517.28123 0.0823376895 0.4274291344 0 0 0 0.987478305 -0.157754864
1741615517.48535 0.0823376895 0.4274291344 0 0 0 0.987478305 -0.157754864
1741615517.58397 0.0823376895 0.4274291344 0 0 0 0.987478305 -0.157754864
1741615517.68274 0.0827944515 0.4274219512 0 0 0 0.98756165 -0.157232275
1741615517.78172 0.0823376895 0.4274291344 0 0 0 0.987478305 -0.157754864
1741615517.881 0.0823376895 0.4274291344 0 0 0 0.987478305 -0.157754864
1741615518.02186 0.0827944515 0.4274219512 0 0 0 0.98756165 -0.157232275
1741615518.12146 0.0827944515 0.4274219512 0 0 0 0.98756165 -0.157232275
1741615518.22102 0.0823376895 0.4274291344 0 0 0 0.987478305 -0.157754864
1741615518.31991 0.0827944515 0.4274219512 0 0 0 0.98756165 -0.157232275
1741615518.41945 0.0823376895 0.4274291344 0 0 0 0.987478305 -0.157754864
1741615518.51896 0.0828015825 0.4276754768 0 0 0 0.987292582 -0.158913049
1741615518.61793 0.0951692145 0.429508032 0 0 0 0.987560208 -0.157241331
1741615518.7167 0.1194342315 0.4334324096 0 0 0 0.988743455 -0.149620788
1741615518.81616 0.140480553 0.4368966808 0 0 0 0.989314301 -0.14579854
1741615519.21718 0.170655249 0.4414941904 0 0 0 0.989789306 -0.142538169
1741615519.31792 0.170655249 0.4414941904 0 0 0 0.989789306 -0.142538169
1741615519.41818 0.170655249 0.4414941904 0 0 0 0.989789306 -0.142538169
1741615519.51765 0.170655249 0.4414941904 0 0 0 0.989789306 -0.142538169
1741615519.61695 0.170655249 0.4414941904 0 0 0 0.989789306 -0.142538169
1741615519.71807 0.170655249 0.4414941904 0 0 0 0.989789306 -0.142538169
1741615519.81921 0.170655249 0.4414941904 0 0 0 0.989789306 -0.142538169
1741615519.91928 0.170655249 0.4414941904 0 0 0 0.989789306 -0.142538169
1741615520.02652 0.170655249 0.4414941904 0 0 0 0.989789306 -0.142538169
1741615520.12778 0.170655249 0.4414941904 0 0 0 0.989789306 -0.142538169
1741615520.22704 0.170655249 0.4414941904 0 0 0 0.989789306 -0.142538169
1741615520.32572 0.170655249 0.4414941904 0 0 0 0.989789306 -0.142538169
1741615520.42507 0.1743131595 0.442198052 0 0 0 0.990026132 -0.140883848
1741615520.52623 0.19395735 0.444926156 0 0 0 0.990089634 -0.140436877
1741615520.62569 0.2268085065 0.4492328 0 0 0 0.99079864 -0.135344209
1741615520.72721 0.27060276 0.4558974272 0 0 0 0.991327743 -0.131412735
1741615520.8263 0.3261547005 0.4634010496 0 0 0 0.992930959 -0.118693351
1741615521.02482 0.4642089405 0.4805517696 0 0 0 0.995978268 -0.089595148
1741615521.125 0.5443286955 0.489007368 0 0 0 0.996877988 -0.078957432
1741615521.22529 0.6264982455 0.4964547272 0 0 0 0.997641109 -0.068645601
1741615521.42438 0.7967759235 0.505124052 0 0 0 0 1
1741615521.52302 0.869461521 0.509537812 0 0 0 0 1
1741615550.53405 1.3554849495 0.4843211208 0 0 0 0 1
1741615550.79249 1.356812865 0.4843100992 0 0 0 0.986887537 0.161409382
1741615550.89419 1.356337095 0.4840599352 0 0 0 0.987248593 0.159186106
